X	Freq	Value
-1.000	0.0	0.0003
-1.000	140.6	-0.0640
-1.000	304.7	-0.0832
-1.000	468.8	0.0372
-1.000	632.8	0.1117
-1.000	796.9	0.0572
-1.000	960.9	-0.0260
-1.000	1125.0	-0.1100
-1.000	1289.1	0.0458
-1.000	1453.1	-0.0225
-1.000	1617.2	-0.0800
-1.000	1781.2	-0.0174
-1.000	1945.3	0.0233
-1.000	2109.4	-0.0222
-1.000	2273.4	-0.0049
-1.000	2437.5	-0.0101
-1.000	2601.6	0.0060
-1.000	2765.6	0.0128
-1.000	2929.7	0.0198
-1.000	3093.8	0.0177
-1.000	3257.8	-0.0044
-1.000	3421.9	0.0259
-1.000	3585.9	-0.0098
-1.000	3750.0	0.0059
-1.000	3914.1	0.0010
-1.000	4054.7	-0.0049
-1.000	4218.8	0.0033
-1.000	4382.8	-0.0024
-1.000	4546.9	-0.0081
-1.000	4710.9	-0.0092
-1.000	4875.0	0.0138
-1.000	5039.1	0.0012
-1.000	5203.1	-0.0019
-1.000	5367.2	-0.0117
-1.000	5531.2	-0.0044
-1.000	5695.3	0.0086
-1.000	5859.4	0.0006
-1.000	6023.4	0.0058
-1.000	6187.5	0.0132
-1.000	6351.6	-0.0093
-1.000	6515.6	-0.0027
-1.000	6679.7	-0.0068
-1.000	6843.8	0.0019
-1.000	7007.8	-0.0100
-1.000	7171.9	0.0078
-1.000	7335.9	-0.0092
-1.000	7500.0	0.0066
-1.000	7664.1	0.0036
-1.000	7828.1	-0.0018
-1.000	7992.2	-0.0017

-0.960	0.0	0.0003
-0.960	140.6	-0.0626
-0.960	304.7	-0.0644
-0.960	468.8	0.0262
-0.960	632.8	0.1164
-0.960	796.9	0.0541
-0.960	960.9	-0.0246
-0.960	1125.0	-0.0259
-0.960	1289.1	0.0438
-0.960	1453.1	-0.0125
-0.960	1617.2	-0.0302
-0.960	1781.2	-0.0144
-0.960	1945.3	0.0086
-0.960	2109.4	-0.0173
-0.960	2273.4	-0.0271
-0.960	2437.5	-0.0011
-0.960	2601.6	-0.0187
-0.960	2765.6	-0.0058
-0.960	2929.7	0.0109
-0.960	3093.8	-0.0288
-0.960	3257.8	-0.0039
-0.960	3421.9	0.0083
-0.960	3585.9	-0.0026
-0.960	3750.0	-0.0037
-0.960	3914.1	0.0100
-0.960	4054.7	0.0000
-0.960	4218.8	-0.0062
-0.960	4382.8	-0.0018
-0.960	4546.9	-0.0020
-0.960	4710.9	0.0055
-0.960	4875.0	0.0050
-0.960	5039.1	0.0096
-0.960	5203.1	0.0026
-0.960	5367.2	-0.0011
-0.960	5531.2	0.0050
-0.960	5695.3	0.0039
-0.960	5859.4	-0.0009
-0.960	6023.4	0.0124
-0.960	6187.5	-0.0140
-0.960	6351.6	-0.0163
-0.960	6515.6	0.0069
-0.960	6679.7	0.0011
-0.960	6843.8	0.0036
-0.960	7007.8	0.0122
-0.960	7171.9	0.0095
-0.960	7335.9	0.0050
-0.960	7500.0	-0.0077
-0.960	7664.1	0.0029
-0.960	7828.1	-0.0019
-0.960	7992.2	0.0006

-0.920	0.0	0.0003
-0.920	140.6	-0.0615
-0.920	304.7	-0.0412
-0.920	468.8	0.0130
-0.920	632.8	0.1097
-0.920	796.9	0.0351
-0.920	960.9	-0.0203
-0.920	1125.0	0.0490
-0.920	1289.1	0.0278
-0.920	1453.1	-0.0097
-0.920	1617.2	0.0192
-0.920	1781.2	-0.0022
-0.920	1945.3	-0.0133
-0.920	2109.4	0.0092
-0.920	2273.4	-0.0294
-0.920	2437.5	0.0217
-0.920	2601.6	-0.0031
-0.920	2765.6	-0.0144
-0.920	2929.7	-0.0103
-0.920	3093.8	-0.0247
-0.920	3257.8	0.0049
-0.920	3421.9	-0.0071
-0.920	3585.9	0.0036
-0.920	3750.0	-0.0147
-0.920	3914.1	-0.0143
-0.920	4054.7	-0.0181
-0.920	4218.8	-0.0041
-0.920	4382.8	-0.0022
-0.920	4546.9	0.0122
-0.920	4710.9	-0.0074
-0.920	4875.0	-0.0010
-0.920	5039.1	-0.0021
-0.920	5203.1	0.0114
-0.920	5367.2	0.0008
-0.920	5531.2	-0.0046
-0.920	5695.3	0.0036
-0.920	5859.4	0.0109
-0.920	6023.4	-0.0073
-0.920	6187.5	0.0001
-0.920	6351.6	0.0087
-0.920	6515.6	-0.0020
-0.920	6679.7	0.0024
-0.920	6843.8	0.0020
-0.920	7007.8	0.0020
-0.920	7171.9	-0.0106
-0.920	7335.9	0.0099
-0.920	7500.0	-0.0104
-0.920	7664.1	-0.0068
-0.920	7828.1	0.0021
-0.920	7992.2	-0.0028

-0.879	0.0	0.0003
-0.879	140.6	-0.0607
-0.879	304.7	-0.0142
-0.879	468.8	-0.0014
-0.879	632.8	0.0917
-0.879	796.9	0.0021
-0.879	960.9	-0.0126
-0.879	1125.0	0.0898
-0.879	1289.1	0.0032
-0.879	1453.1	-0.0158
-0.879	1617.2	0.0342
-0.879	1781.2	0.0091
-0.879	1945.3	-0.0179
-0.879	2109.4	0.0275
-0.879	2273.4	-0.0124
-0.879	2437.5	0.0217
-0.879	2601.6	0.0283
-0.879	2765.6	-0.0045
-0.879	2929.7	-0.0066
-0.879	3093.8	0.0228
-0.879	3257.8	-0.0126
-0.879	3421.9	0.0279
-0.879	3585.9	-0.0106
-0.879	3750.0	-0.0074
-0.879	3914.1	0.0078
-0.879	4054.7	0.0021
-0.879	4218.8	0.0180
-0.879	4382.8	-0.0051
-0.879	4546.9	-0.0065
-0.879	4710.9	0.0027
-0.879	4875.0	-0.0028
-0.879	5039.1	-0.0037
-0.879	5203.1	0.0034
-0.879	5367.2	0.0117
-0.879	5531.2	0.0047
-0.879	5695.3	-0.0082
-0.879	5859.4	-0.0003
-0.879	6023.4	-0.0070
-0.879	6187.5	-0.0041
-0.879	6351.6	0.0086
-0.879	6515.6	0.0101
-0.879	6679.7	0.0061
-0.879	6843.8	-0.0109
-0.879	7007.8	0.0071
-0.879	7171.9	0.0022
-0.879	7335.9	-0.0053
-0.879	7500.0	0.0044
-0.879	7664.1	0.0055
-0.879	7828.1	0.0013
-0.879	7992.2	0.0010

-0.839	0.0	0.0003
-0.839	140.6	-0.0604
-0.839	304.7	0.0157
-0.839	468.8	-0.0157
-0.839	632.8	0.0638
-0.839	796.9	-0.0397
-0.839	960.9	-0.0021
-0.839	1125.0	0.0849
-0.839	1289.1	-0.0203
-0.839	1453.1	-0.0258
-0.839	1617.2	0.0086
-0.839	1781.2	0.0097
-0.839	1945.3	0.0010
-0.839	2109.4	0.0161
-0.839	2273.4	-0.0014
-0.839	2437.5	-0.0043
-0.839	2601.6	0.0180
-0.839	2765.6	-0.0022
-0.839	2929.7	0.0045
-0.839	3093.8	0.0067
-0.839	3257.8	-0.0194
-0.839	3421.9	0.0120
-0.839	3585.9	-0.0012
-0.839	3750.0	-0.0060
-0.839	3914.1	0.0072
-0.839	4054.7	0.0061
-0.839	4218.8	-0.0040
-0.839	4382.8	0.0032
-0.839	4546.9	0.0138
-0.839	4710.9	0.0025
-0.839	4875.0	-0.0147
-0.839	5039.1	-0.0065
-0.839	5203.1	0.0000
-0.839	5367.2	0.0025
-0.839	5531.2	-0.0048
-0.839	5695.3	-0.0046
-0.839	5859.4	-0.0009
-0.839	6023.4	-0.0092
-0.839	6187.5	0.0044
-0.839	6351.6	0.0120
-0.839	6515.6	-0.0126
-0.839	6679.7	-0.0021
-0.839	6843.8	0.0022
-0.839	7007.8	-0.0078
-0.839	7171.9	-0.0011
-0.839	7335.9	-0.0062
-0.839	7500.0	0.0121
-0.839	7664.1	0.0049
-0.839	7828.1	-0.0018
-0.839	7992.2	0.0053

-0.799	0.0	0.0003
-0.799	140.6	-0.0605
-0.799	304.7	0.0477
-0.799	468.8	-0.0286
-0.799	632.8	0.0289
-0.799	796.9	-0.0826
-0.799	960.9	0.0101
-0.799	1125.0	0.0415
-0.799	1289.1	-0.0330
-0.799	1453.1	-0.0304
-0.799	1617.2	-0.0294
-0.799	1781.2	0.0003
-0.799	1945.3	0.0220
-0.799	2109.4	-0.0088
-0.799	2273.4	-0.0096
-0.799	2437.5	-0.0173
-0.799	2601.6	-0.0176
-0.799	2765.6	-0.0147
-0.799	2929.7	-0.0098
-0.799	3093.8	-0.0252
-0.799	3257.8	0.0022
-0.799	3421.9	-0.0263
-0.799	3585.9	0.0098
-0.799	3750.0	-0.0034
-0.799	3914.1	-0.0130
-0.799	4054.7	-0.0012
-0.799	4218.8	0.0095
-0.799	4382.8	0.0003
-0.799	4546.9	-0.0098
-0.799	4710.9	-0.0015
-0.799	4875.0	0.0033
-0.799	5039.1	-0.0040
-0.799	5203.1	-0.0110
-0.799	5367.2	0.0006
-0.799	5531.2	0.0040
-0.799	5695.3	-0.0026
-0.799	5859.4	-0.0087
-0.799	6023.4	0.0059
-0.799	6187.5	0.0123
-0.799	6351.6	-0.0089
-0.799	6515.6	-0.0015
-0.799	6679.7	-0.0072
-0.799	6843.8	0.0052
-0.799	7007.8	-0.0167
-0.799	7171.9	-0.0047
-0.799	7335.9	0.0012
-0.799	7500.0	-0.0003
-0.799	7664.1	-0.0105
-0.799	7828.1	-0.0009
-0.799	7992.2	-0.0017

-0.759	0.0	0.0003
-0.759	140.6	-0.0610
-0.759	304.7	0.0805
-0.759	468.8	-0.0388
-0.759	632.8	-0.0089
-0.759	796.9	-0.1182
-0.759	960.9	0.0220
-0.759	1125.0	-0.0159
-0.759	1289.1	-0.0307
-0.759	1453.1	-0.0231
-0.759	1617.2	-0.0392
-0.759	1781.2	-0.0083
-0.759	1945.3	0.0201
-0.759	2109.4	-0.0132
-0.759	2273.4	-0.0174
-0.759	2437.5	-0.0005
-0.759	2601.6	-0.0148
-0.759	2765.6	-0.0132
-0.759	2929.7	-0.0206
-0.759	3093.8	0.0155
-0.759	3257.8	0.0025
-0.759	3421.9	0.0014
-0.759	3585.9	-0.0039
-0.759	3750.0	0.0118
-0.759	3914.1	0.0131
-0.759	4054.7	0.0187
-0.759	4218.8	0.0002
-0.759	4382.8	0.0045
-0.759	4546.9	-0.0004
-0.759	4710.9	0.0072
-0.759	4875.0	-0.0045
-0.759	5039.1	0.0050
-0.759	5203.1	-0.0052
-0.759	5367.2	-0.0114
-0.759	5531.2	-0.0037
-0.759	5695.3	0.0066
-0.759	5859.4	-0.0024
-0.759	6023.4	0.0116
-0.759	6187.5	-0.0107
-0.759	6351.6	-0.0165
-0.759	6515.6	0.0049
-0.759	6679.7	0.0005
-0.759	6843.8	-0.0003
-0.759	7007.8	0.0136
-0.759	7171.9	0.0126
-0.759	7335.9	0.0023
-0.759	7500.0	-0.0118
-0.759	7664.1	-0.0025
-0.759	7828.1	0.0014
-0.759	7992.2	-0.0068

-0.719	0.0	0.0003
-0.719	140.6	-0.0621
-0.719	304.7	0.1131
-0.719	468.8	-0.0451
-0.719	632.8	-0.0449
-0.719	796.9	-0.1390
-0.719	960.9	0.0316
-0.719	1125.0	-0.0559
-0.719	1289.1	-0.0175
-0.719	1453.1	-0.0044
-0.719	1617.2	-0.0029
-0.719	1781.2	-0.0059
-0.719	1945.3	-0.0038
-0.719	2109.4	0.0088
-0.719	2273.4	-0.0027
-0.719	2437.5	0.0113
-0.719	2601.6	0.0162
-0.719	2765.6	0.0062
-0.719	2929.7	-0.0011
-0.719	3093.8	0.0334
-0.719	3257.8	-0.0064
-0.719	3421.9	-0.0013
-0.719	3585.9	0.0041
-0.719	3750.0	0.0101
-0.719	3914.1	-0.0043
-0.719	4054.7	-0.0016
-0.719	4218.8	-0.0148
-0.719	4382.8	0.0030
-0.719	4546.9	-0.0037
-0.719	4710.9	-0.0082
-0.719	4875.0	0.0166
-0.719	5039.1	0.0039
-0.719	5203.1	-0.0028
-0.719	5367.2	-0.0038
-0.719	5531.2	0.0032
-0.719	5695.3	0.0067
-0.719	5859.4	0.0051
-0.719	6023.4	0.0027
-0.719	6187.5	0.0041
-0.719	6351.6	0.0011
-0.719	6515.6	-0.0027
-0.719	6679.7	0.0025
-0.719	6843.8	0.0033
-0.719	7007.8	0.0127
-0.719	7171.9	0.0003
-0.719	7335.9	0.0045
-0.719	7500.0	-0.0043
-0.719	7664.1	0.0128
-0.719	7828.1	0.0007
-0.719	7992.2	0.0010

-0.678	0.0	0.0003
-0.678	140.6	-0.0636
-0.678	304.7	0.1440
-0.678	468.8	-0.0468
-0.678	632.8	-0.0744
-0.678	796.9	-0.1403
-0.678	960.9	0.0374
-0.678	1125.0	-0.0539
-0.678	1289.1	-0.0033
-0.678	1453.1	0.0169
-0.678	1617.2	0.0568
-0.678	1781.2	0.0066
-0.678	1945.3	-0.0224
-0.678	2109.4	0.0252
-0.678	2273.4	0.0224
-0.678	2437.5	-0.0078
-0.678	2601.6	0.0096
-0.678	2765.6	0.0114
-0.678	2929.7	0.0097
-0.678	3093.8	-0.0157
-0.678	3257.8	0.0137
-0.678	3421.9	-0.0341
-0.678	3585.9	0.0101
-0.678	3750.0	0.0069
-0.678	3914.1	-0.0090
-0.678	4054.7	-0.0023
-0.678	4218.8	0.0046
-0.678	4382.8	-0.0023
-0.678	4546.9	-0.0076
-0.678	4710.9	0.0060
-0.678	4875.0	-0.0004
-0.678	5039.1	0.0084
-0.678	5203.1	0.0094
-0.678	5367.2	-0.0028
-0.678	5531.2	-0.0018
-0.678	5695.3	0.0007
-0.678	5859.4	0.0043
-0.678	6023.4	-0.0018
-0.678	6187.5	-0.0137
-0.678	6351.6	0.0051
-0.678	6515.6	0.0117
-0.678	6679.7	0.0049
-0.678	6843.8	-0.0067
-0.678	7007.8	-0.0080
-0.678	7171.9	-0.0160
-0.678	7335.9	0.0011
-0.678	7500.0	0.0092
-0.678	7664.1	0.0012
-0.678	7828.1	-0.0009
-0.678	7992.2	0.0078

-0.638	0.0	0.0003
-0.638	140.6	-0.0656
-0.638	304.7	0.1722
-0.638	468.8	-0.0433
-0.638	632.8	-0.0938
-0.638	796.9	-0.1218
-0.638	960.9	0.0389
-0.638	1125.0	-0.0042
-0.638	1289.1	0.0015
-0.638	1453.1	0.0301
-0.638	1617.2	0.0941
-0.638	1781.2	0.0171
-0.638	1945.3	-0.0141
-0.638	2109.4	0.0101
-0.638	2273.4	0.0279
-0.638	2437.5	-0.0267
-0.638	2601.6	-0.0258
-0.638	2765.6	0.0007
-0.638	2929.7	-0.0044
-0.638	3093.8	-0.0102
-0.638	3257.8	0.0180
-0.638	3421.9	0.0036
-0.638	3585.9	-0.0078
-0.638	3750.0	0.0092
-0.638	3914.1	0.0131
-0.638	4054.7	0.0008
-0.638	4218.8	-0.0156
-0.638	4382.8	0.0003
-0.638	4546.9	0.0109
-0.638	4710.9	-0.0100
-0.638	4875.0	0.0086
-0.638	5039.1	-0.0037
-0.638	5203.1	0.0066
-0.638	5367.2	0.0102
-0.638	5531.2	0.0011
-0.638	5695.3	-0.0034
-0.638	5859.4	0.0068
-0.638	6023.4	-0.0154
-0.638	6187.5	0.0051
-0.638	6351.6	0.0172
-0.638	6515.6	-0.0074
-0.638	6679.7	0.0018
-0.638	6843.8	-0.0059
-0.638	7007.8	-0.0033
-0.638	7171.9	0.0041
-0.638	7335.9	-0.0091
-0.638	7500.0	0.0089
-0.638	7664.1	-0.0136
-0.638	7828.1	-0.0004
-0.638	7992.2	0.0009

-0.598	0.0	0.0003
-0.598	140.6	-0.0681
-0.598	304.7	0.1963
-0.598	468.8	-0.0347
-0.598	632.8	-0.1005
-0.598	796.9	-0.0875
-0.598	960.9	0.0370
-0.598	1125.0	0.0766
-0.598	1289.1	-0.0077
-0.598	1453.1	0.0299
-0.598	1617.2	0.0802
-0.598	1781.2	0.0150
-0.598	1945.3	0.0099
-0.598	2109.4	-0.0185
-0.598	2273.4	0.0122
-0.598	2437.5	-0.0119
-0.598	2601.6	-0.0216
-0.598	2765.6	0.0052
-0.598	2929.7	0.0002
-0.598	3093.8	0.0280
-0.598	3257.8	-0.0020
-0.598	3421.9	0.0160
-0.598	3585.9	-0.0002
-0.598	3750.0	-0.0054
-0.598	3914.1	-0.0133
-0.598	4054.7	-0.0192
-0.598	4218.8	0.0064
-0.598	4382.8	-0.0066
-0.598	4546.9	-0.0069
-0.598	4710.9	0.0062
-0.598	4875.0	-0.0117
-0.598	5039.1	-0.0008
-0.598	5203.1	0.0067
-0.598	5367.2	0.0052
-0.598	5531.2	-0.0001
-0.598	5695.3	-0.0095
-0.598	5859.4	-0.0077
-0.598	6023.4	-0.0016
-0.598	6187.5	0.0097
-0.598	6351.6	0.0016
-0.598	6515.6	-0.0083
-0.598	6679.7	-0.0075
-0.598	6843.8	0.0089
-0.598	7007.8	-0.0066
-0.598	7171.9	0.0107
-0.598	7335.9	-0.0046
-0.598	7500.0	-0.0033
-0.598	7664.1	-0.0011
-0.598	7828.1	0.0004
-0.598	7992.2	-0.0086

-0.558	0.0	0.0003
-0.558	140.6	-0.0710
-0.558	304.7	0.2156
-0.558	468.8	-0.0215
-0.558	632.8	-0.0943
-0.558	796.9	-0.0451
-0.558	960.9	0.0331
-0.558	1125.0	0.1565
-0.558	1289.1	-0.0266
-0.558	1453.1	0.0200
-0.558	1617.2	0.0290
-0.558	1781.2	0.0025
-0.558	1945.3	0.0193
-0.558	2109.4	-0.0236
-0.558	2273.4	0.0042
-0.558	2437.5	0.0120
-0.558	2601.6	0.0141
-0.558	2765.6	0.0191
-0.558	2929.7	0.0204
-0.558	3093.8	-0.0090
-0.558	3257.8	0.0048
-0.558	3421.9	-0.0139
-0.558	3585.9	0.0028
-0.558	3750.0	-0.0090
-0.558	3914.1	0.0035
-0.558	4054.7	0.0015
-0.558	4218.8	0.0056
-0.558	4382.8	-0.0003
-0.558	4546.9	0.0163
-0.558	4710.9	-0.0046
-0.558	4875.0	-0.0037
-0.558	5039.1	-0.0112
-0.558	5203.1	-0.0053
-0.558	5367.2	0.0066
-0.558	5531.2	-0.0014
-0.558	5695.3	-0.0006
-0.558	5859.4	-0.0026
-0.558	6023.4	0.0019
-0.558	6187.5	-0.0028
-0.558	6351.6	-0.0145
-0.558	6515.6	0.0058
-0.558	6679.7	-0.0034
-0.558	6843.8	0.0030
-0.558	7007.8	-0.0059
-0.558	7171.9	-0.0050
-0.558	7335.9	0.0100
-0.558	7500.0	-0.0111
-0.558	7664.1	0.0129
-0.558	7828.1	-0.0001
-0.558	7992.2	-0.0043

-0.518	0.0	0.0003
-0.518	140.6	-0.0744
-0.518	304.7	0.2291
-0.518	468.8	-0.0046
-0.518	632.8	-0.0767
-0.518	796.9	-0.0039
-0.518	960.9	0.0295
-0.518	1125.0	0.2030
-0.518	1289.1	-0.0449
-0.518	1453.1	0.0105
-0.518	1617.2	-0.0152
-0.518	1781.2	-0.0079
-0.518	1945.3	0.0020
-0.518	2109.4	-0.0011
-0.518	2273.4	0.0167
-0.518	2437.5	0.0061
-0.518	2601.6	0.0127
-0.518	2765.6	0.0119
-0.518	2929.7	0.0124
-0.518	3093.8	-0.0345
-0.518	3257.8	0.0099
-0.518	3421.9	0.0192
-0.518	3585.9	-0.0128
-0.518	3750.0	-0.0069
-0.518	3914.1	0.0087
-0.518	4054.7	-0.0054
-0.518	4218.8	-0.0004
-0.518	4382.8	-0.0019
-0.518	4546.9	-0.0071
-0.518	4710.9	0.0052
-0.518	4875.0	-0.0108
-0.518	5039.1	0.0004
-0.518	5203.1	-0.0059
-0.518	5367.2	-0.0063
-0.518	5531.2	0.0019
-0.518	5695.3	-0.0007
-0.518	5859.4	-0.0086
-0.518	6023.4	0.0112
-0.518	6187.5	0.0102
-0.518	6351.6	-0.0083
-0.518	6515.6	-0.0059
-0.518	6679.7	0.0015
-0.518	6843.8	-0.0011
-0.518	7007.8	0.0182
-0.518	7171.9	0.0019
-0.518	7335.9	0.0072
-0.518	7500.0	-0.0060
-0.518	7664.1	0.0008
-0.518	7828.1	-0.0000
-0.518	7992.2	0.0087

-0.477	0.0	0.0003
-0.477	140.6	-0.0782
-0.477	304.7	0.2365
-0.477	468.8	0.0147
-0.477	632.8	-0.0508
-0.477	796.9	0.0274
-0.477	960.9	0.0276
-0.477	1125.0	0.1983
-0.477	1289.1	-0.0520
-0.477	1453.1	0.0101
-0.477	1617.2	-0.0169
-0.477	1781.2	-0.0063
-0.477	1945.3	-0.0211
-0.477	2109.4	0.0154
-0.477	2273.4	0.0267
-0.477	2437.5	-0.0142
-0.477	2601.6	-0.0191
-0.477	2765.6	-0.0043
-0.477	2929.7	-0.0048
-0.477	3093.8	0.0107
-0.477	3257.8	-0.0128
-0.477	3421.9	0.0297
-0.477	3585.9	-0.0005
-0.477	3750.0	-0.0148
-0.477	3914.1	-0.0132
-0.477	4054.7	-0.0030
-0.477	4218.8	0.0186
-0.477	4382.8	0.0009
-0.477	4546.9	0.0061
-0.477	4710.9	0.0017
-0.477	4875.0	-0.0008
-0.477	5039.1	-0.0054
-0.477	5203.1	-0.0110
-0.477	5367.2	-0.0050
-0.477	5531.2	-0.0028
-0.477	5695.3	0.0099
-0.477	5859.4	0.0029
-0.477	6023.4	0.0101
-0.477	6187.5	-0.0159
-0.477	6351.6	-0.0110
-0.477	6515.6	0.0106
-0.477	6679.7	0.0026
-0.477	6843.8	0.0020
-0.477	7007.8	0.0105
-0.477	7171.9	0.0030
-0.477	7335.9	-0.0046
-0.477	7500.0	0.0058
-0.477	7664.1	-0.0094
-0.477	7828.1	0.0013
-0.477	7992.2	0.0093

-0.437	0.0	0.0003
-0.437	140.6	-0.0823
-0.437	304.7	0.2376
-0.437	468.8	0.0349
-0.437	632.8	-0.0210
-0.437	796.9	0.0428
-0.437	960.9	0.0284
-0.437	1125.0	0.1465
-0.437	1289.1	-0.0440
-0.437	1453.1	0.0201
-0.437	1617.2	0.0206
-0.437	1781.2	0.0044
-0.437	1945.3	-0.0229
-0.437	2109.4	0.0023
-0.437	2273.4	0.0136
-0.437	2437.5	-0.0085
-0.437	2601.6	-0.0155
-0.437	2765.6	-0.0010
-0.437	2929.7	0.0054
-0.437	3093.8	0.0105
-0.437	3257.8	-0.0132
-0.437	3421.9	-0.0098
-0.437	3585.9	0.0035
-0.437	3750.0	-0.0067
-0.437	3914.1	0.0130
-0.437	4054.7	0.0160
-0.437	4218.8	-0.0065
-0.437	4382.8	0.0050
-0.437	4546.9	-0.0039
-0.437	4710.9	-0.0010
-0.437	4875.0	0.0037
-0.437	5039.1	0.0094
-0.437	5203.1	-0.0031
-0.437	5367.2	-0.0113
-0.437	5531.2	0.0035
-0.437	5695.3	0.0036
-0.437	5859.4	0.0032
-0.437	6023.4	-0.0009
-0.437	6187.5	0.0001
-0.437	6351.6	0.0092
-0.437	6515.6	0.0051
-0.437	6679.7	0.0076
-0.437	6843.8	-0.0095
-0.437	7007.8	-0.0099
-0.437	7171.9	-0.0149
-0.437	7335.9	-0.0036
-0.437	7500.0	0.0123
-0.437	7664.1	0.0029
-0.437	7828.1	0.0005
-0.437	7992.2	-0.0058

-0.397	0.0	0.0003
-0.397	140.6	-0.0867
-0.397	304.7	0.2327
-0.397	468.8	0.0546
-0.397	632.8	0.0081
-0.397	796.9	0.0402
-0.397	960.9	0.0316
-0.397	1125.0	0.0710
-0.397	1289.1	-0.0249
-0.397	1453.1	0.0338
-0.397	1617.2	0.0608
-0.397	1781.2	0.0124
-0.397	1945.3	-0.0020
-0.397	2109.4	-0.0228
-0.397	2273.4	-0.0085
-0.397	2437.5	0.0169
-0.397	2601.6	0.0197
-0.397	2765.6	0.0078
-0.397	2929.7	0.0140
-0.397	3093.8	-0.0328
-0.397	3257.8	0.0012
-0.397	3421.9	0.0082
-0.397	3585.9	-0.0094
-0.397	3750.0	-0.0003
-0.397	3914.1	0.0009
-0.397	4054.7	-0.0011
-0.397	4218.8	0.0064
-0.397	4382.8	0.0005
-0.397	4546.9	-0.0094
-0.397	4710.9	0.0061
-0.397	4875.0	0.0036
-0.397	5039.1	0.0007
-0.397	5203.1	-0.0023
-0.397	5367.2	-0.0026
-0.397	5531.2	-0.0032
-0.397	5695.3	0.0072
-0.397	5859.4	0.0075
-0.397	6023.4	-0.0014
-0.397	6187.5	-0.0079
-0.397	6351.6	0.0122
-0.397	6515.6	-0.0054
-0.397	6679.7	0.0017
-0.397	6843.8	-0.0038
-0.397	7007.8	-0.0006
-0.397	7171.9	-0.0001
-0.397	7335.9	-0.0048
-0.397	7500.0	0.0082
-0.397	7664.1	0.0028
-0.397	7828.1	-0.0025
-0.397	7992.2	-0.0121

-0.357	0.0	0.0003
-0.357	140.6	-0.0914
-0.357	304.7	0.2224
-0.357	468.8	0.0723
-0.357	632.8	0.0324
-0.357	796.9	0.0217
-0.357	960.9	0.0361
-0.357	1125.0	0.0027
-0.357	1289.1	-0.0043
-0.357	1453.1	0.0424
-0.357	1617.2	0.0678
-0.357	1781.2	0.0095
-0.357	1945.3	0.0179
-0.357	2109.4	-0.0275
-0.357	2273.4	-0.0134
-0.357	2437.5	0.0233
-0.357	2601.6	0.0246
-0.357	2765.6	-0.0018
-0.357	2929.7	-0.0036
-0.357	3093.8	-0.0122
-0.357	3257.8	-0.0114
-0.357	3421.9	0.0252
-0.357	3585.9	0.0027
-0.357	3750.0	-0.0042
-0.357	3914.1	-0.0110
-0.357	4054.7	0.0108
-0.357	4218.8	0.0025
-0.357	4382.8	0.0061
-0.357	4546.9	0.0051
-0.357	4710.9	-0.0081
-0.357	4875.0	0.0147
-0.357	5039.1	0.0117
-0.357	5203.1	0.0057
-0.357	5367.2	-0.0048
-0.357	5531.2	0.0035
-0.357	5695.3	-0.0025
-0.357	5859.4	0.0063
-0.357	6023.4	-0.0137
-0.357	6187.5	-0.0012
-0.357	6351.6	0.0126
-0.357	6515.6	0.0059
-0.357	6679.7	-0.0012
-0.357	6843.8	0.0023
-0.357	7007.8	-0.0143
-0.357	7171.9	0.0083
-0.357	7335.9	-0.0090
-0.357	7500.0	0.0004
-0.357	7664.1	-0.0118
-0.357	7828.1	-0.0016
-0.357	7992.2	-0.0002

-0.307	0.0	0.0003
-0.307	140.6	-0.0974
-0.307	304.7	0.2031
-0.307	468.8	0.0900
-0.307	632.8	0.0518
-0.307	796.9	-0.0156
-0.307	960.9	0.0414
-0.307	1125.0	-0.0368
-0.307	1289.1	0.0098
-0.307	1453.1	0.0388
-0.307	1617.2	0.0232
-0.307	1781.2	-0.0048
-0.307	1945.3	0.0124
-0.307	2109.4	-0.0009
-0.307	2273.4	0.0030
-0.307	2437.5	-0.0013
-0.307	2601.6	-0.0121
-0.307	2765.6	-0.0165
-0.307	2929.7	-0.0129
-0.307	3093.8	0.0268
-0.307	3257.8	-0.0182
-0.307	3421.9	-0.0202
-0.307	3585.9	0.0061
-0.307	3750.0	0.0069
-0.307	3914.1	0.0150
-0.307	4054.7	0.0103
-0.307	4218.8	-0.0112
-0.307	4382.8	0.0003
-0.307	4546.9	-0.0150
-0.307	4710.9	0.0063
-0.307	4875.0	0.0035
-0.307	5039.1	0.0003
-0.307	5203.1	0.0050
-0.307	5367.2	0.0048
-0.307	5531.2	-0.0052
-0.307	5695.3	-0.0015
-0.307	5859.4	0.0010
-0.307	6023.4	-0.0071
-0.307	6187.5	0.0123
-0.307	6351.6	0.0166
-0.307	6515.6	-0.0107
-0.307	6679.7	-0.0012
-0.307	6843.8	-0.0024
-0.307	7007.8	-0.0190
-0.307	7171.9	-0.0024
-0.307	7335.9	-0.0010
-0.307	7500.0	-0.0062
-0.307	7664.1	-0.0062
-0.307	7828.1	0.0005
-0.307	7992.2	0.0054

-0.266	0.0	0.0003
-0.266	140.6	-0.1023
-0.266	304.7	0.1840
-0.266	468.8	0.0999
-0.266	632.8	0.0571
-0.266	796.9	-0.0487
-0.266	960.9	0.0442
-0.266	1125.0	-0.0227
-0.266	1289.1	0.0073
-0.266	1453.1	0.0273
-0.266	1617.2	-0.0244
-0.266	1781.2	-0.0132
-0.266	1945.3	-0.0085
-0.266	2109.4	0.0159
-0.266	2273.4	0.0081
-0.266	2437.5	-0.0094
-0.266	2601.6	-0.0147
-0.266	2765.6	-0.0086
-0.266	2929.7	0.0026
-0.266	3093.8	-0.0089
-0.266	3257.8	-0.0011
-0.266	3421.9	-0.0079
-0.266	3585.9	-0.0063
-0.266	3750.0	0.0076
-0.266	3914.1	-0.0080
-0.266	4054.7	-0.0025
-0.266	4218.8	0.0070
-0.266	4382.8	0.0024
-0.266	4546.9	0.0069
-0.266	4710.9	-0.0092
-0.266	4875.0	0.0160
-0.266	5039.1	0.0092
-0.266	5203.1	0.0097
-0.266	5367.2	0.0010
-0.266	5531.2	0.0047
-0.266	5695.3	-0.0064
-0.266	5859.4	0.0055
-0.266	6023.4	-0.0144
-0.266	6187.5	-0.0054
-0.266	6351.6	0.0025
-0.266	6515.6	-0.0014
-0.266	6679.7	-0.0070
-0.266	6843.8	0.0066
-0.266	7007.8	0.0017
-0.266	7171.9	0.0076
-0.266	7335.9	0.0051
-0.266	7500.0	-0.0087
-0.266	7664.1	0.0115
-0.266	7828.1	0.0004
-0.266	7992.2	-0.0038

-0.226	0.0	0.0003
-0.226	140.6	-0.1071
-0.226	304.7	0.1630
-0.226	468.8	0.1058
-0.226	632.8	0.0540
-0.226	796.9	-0.0785
-0.226	960.9	0.0451
-0.226	1125.0	0.0224
-0.226	1289.1	-0.0048
-0.226	1453.1	0.0152
-0.226	1617.2	-0.0505
-0.226	1781.2	-0.0125
-0.226	1945.3	-0.0231
-0.226	2109.4	0.0101
-0.226	2273.4	-0.0024
-0.226	2437.5	0.0056
-0.226	2601.6	0.0126
-0.226	2765.6	0.0017
-0.226	2929.7	0.0067
-0.226	3093.8	-0.0300
-0.226	3257.8	-0.0018
-0.226	3421.9	0.0202
-0.226	3585.9	0.0022
-0.226	3750.0	0.0012
-0.226	3914.1	-0.0087
-0.226	4054.7	0.0143
-0.226	4218.8	-0.0106
-0.226	4382.8	0.0047
-0.226	4546.9	-0.0076
-0.226	4710.9	0.0013
-0.226	4875.0	0.0008
-0.226	5039.1	0.0037
-0.226	5203.1	0.0083
-0.226	5367.2	0.0075
-0.226	5531.2	-0.0025
-0.226	5695.3	-0.0019
-0.226	5859.4	0.0007
-0.226	6023.4	-0.0061
-0.226	6187.5	0.0138
-0.226	6351.6	0.0132
-0.226	6515.6	-0.0093
-0.226	6679.7	-0.0026
-0.226	6843.8	0.0015
-0.226	7007.8	-0.0155
-0.226	7171.9	0.0072
-0.226	7335.9	-0.0019
-0.226	7500.0	-0.0101
-0.226	7664.1	-0.0071
-0.226	7828.1	-0.0011
-0.226	7992.2	0.0002

-0.186	0.0	0.0003
-0.186	140.6	-0.1117
-0.186	304.7	0.1416
-0.186	468.8	0.1078
-0.186	632.8	0.0443
-0.186	796.9	-0.1012
-0.186	960.9	0.0445
-0.186	1125.0	0.0812
-0.186	1289.1	-0.0209
-0.186	1453.1	0.0082
-0.186	1617.2	-0.0436
-0.186	1781.2	-0.0044
-0.186	1945.3	-0.0208
-0.186	2109.4	-0.0098
-0.186	2273.4	-0.0158
-0.186	2437.5	0.0231
-0.186	2601.6	0.0302
-0.186	2765.6	-0.0013
-0.186	2929.7	-0.0063
-0.186	3093.8	-0.0001
-0.186	3257.8	-0.0173
-0.186	3421.9	0.0030
-0.186	3585.9	0.0111
-0.186	3750.0	0.0044
-0.186	3914.1	0.0137
-0.186	4054.7	0.0134
-0.186	4218.8	-0.0130
-0.186	4382.8	-0.0002
-0.186	4546.9	-0.0122
-0.186	4710.9	0.0032
-0.186	4875.0	0.0096
-0.186	5039.1	0.0019
-0.186	5203.1	0.0063
-0.186	5367.2	0.0017
-0.186	5531.2	-0.0007
-0.186	5695.3	-0.0072
-0.186	5859.4	0.0030
-0.186	6023.4	-0.0152
-0.186	6187.5	-0.0029
-0.186	6351.6	0.0037
-0.186	6515.6	-0.0003
-0.186	6679.7	-0.0067
-0.186	6843.8	0.0054
-0.186	7007.8	-0.0003
-0.186	7171.9	0.0023
-0.186	7335.9	0.0057
-0.186	7500.0	-0.0076
-0.186	7664.1	0.0074
-0.186	7828.1	0.0014
-0.186	7992.2	0.0038

-0.146	0.0	0.0003
-0.146	140.6	-0.1161
-0.146	304.7	0.1209
-0.146	468.8	0.1065
-0.146	632.8	0.0304
-0.146	796.9	-0.1155
-0.146	960.9	0.0427
-0.146	1125.0	0.1370
-0.146	1289.1	-0.0354
-0.146	1453.1	0.0083
-0.146	1617.2	-0.0117
-0.146	1781.2	0.0052
-0.146	1945.3	-0.0063
-0.146	2109.4	-0.0260
-0.146	2273.4	-0.0180
-0.146	2437.5	0.0244
-0.146	2601.6	0.0188
-0.146	2765.6	-0.0107
-0.146	2929.7	-0.0143
-0.146	3093.8	0.0261
-0.146	3257.8	-0.0196
-0.146	3421.9	-0.0200
-0.146	3585.9	0.0016
-0.146	3750.0	0.0071
-0.146	3914.1	0.0056
-0.146	4054.7	-0.0011
-0.146	4218.8	0.0072
-0.146	4382.8	0.0023
-0.146	4546.9	0.0060
-0.146	4710.9	-0.0089
-0.146	4875.0	0.0154
-0.146	5039.1	0.0118
-0.146	5203.1	0.0085
-0.146	5367.2	-0.0001
-0.146	5531.2	0.0050
-0.146	5695.3	0.0008
-0.146	5859.4	0.0081
-0.146	6023.4	-0.0071
-0.146	6187.5	0.0029
-0.146	6351.6	0.0169
-0.146	6515.6	-0.0119
-0.146	6679.7	-0.0002
-0.146	6843.8	-0.0025
-0.146	7007.8	-0.0200
-0.146	7171.9	0.0055
-0.146	7335.9	-0.0065
-0.146	7500.0	-0.0043
-0.146	7664.1	-0.0062
-0.146	7828.1	-0.0022
-0.146	7992.2	-0.0082

-0.106	0.0	0.0003
-0.106	140.6	-0.1201
-0.106	304.7	0.1022
-0.106	468.8	0.1025
-0.106	632.8	0.0149
-0.106	796.9	-0.1221
-0.106	960.9	0.0405
-0.106	1125.0	0.1787
-0.106	1289.1	-0.0452
-0.106	1453.1	0.0142
-0.106	1617.2	0.0287
-0.106	1781.2	0.0118
-0.106	1945.3	0.0093
-0.106	2109.4	-0.0283
-0.106	2273.4	-0.0071
-0.106	2437.5	0.0104
-0.106	2601.6	-0.0058
-0.106	2765.6	-0.0129
-0.106	2929.7	-0.0061
-0.106	3093.8	0.0118
-0.106	3257.8	-0.0075
-0.106	3421.9	-0.0062
-0.106	3585.9	-0.0087
-0.106	3750.0	-0.0007
-0.106	3914.1	-0.0125
-0.106	4054.7	0.0040
-0.106	4218.8	0.0058
-0.106	4382.8	0.0066
-0.106	4546.9	-0.0021
-0.106	4710.9	0.0003
-0.106	4875.0	0.0014
-0.106	5039.1	0.0051
-0.106	5203.1	0.0011
-0.106	5367.2	-0.0008
-0.106	5531.2	-0.0050
-0.106	5695.3	0.0029
-0.106	5859.4	0.0025
-0.106	6023.4	-0.0079
-0.106	6187.5	0.0035
-0.106	6351.6	0.0136
-0.106	6515.6	0.0081
-0.106	6679.7	-0.0009
-0.106	6843.8	0.0024
-0.106	7007.8	-0.0013
-0.106	7171.9	0.0020
-0.106	7335.9	-0.0023
-0.106	7500.0	0.0056
-0.106	7664.1	0.0044
-0.106	7828.1	0.0002
-0.106	7992.2	-0.0011

-0.065	0.0	0.0003
-0.065	140.6	-0.1235
-0.065	304.7	0.0862
-0.065	468.8	0.0965
-0.065	632.8	0.0002
-0.065	796.9	-0.1229
-0.065	960.9	0.0381
-0.065	1125.0	0.2020
-0.065	1289.1	-0.0497
-0.065	1453.1	0.0222
-0.065	1617.2	0.0636
-0.065	1781.2	0.0137
-0.065	1945.3	0.0181
-0.065	2109.4	-0.0190
-0.065	2273.4	0.0099
-0.065	2437.5	-0.0065
-0.065	2601.6	-0.0219
-0.065	2765.6	-0.0046
-0.065	2929.7	0.0094
-0.065	3093.8	-0.0201
-0.065	3257.8	0.0025
-0.065	3421.9	0.0237
-0.065	3585.9	-0.0069
-0.065	3750.0	-0.0113
-0.065	3914.1	-0.0077
-0.065	4054.7	0.0147
-0.065	4218.8	-0.0054
-0.065	4382.8	0.0037
-0.065	4546.9	-0.0144
-0.065	4710.9	0.0096
-0.065	4875.0	-0.0008
-0.065	5039.1	-0.0009
-0.065	5203.1	-0.0069
-0.065	5367.2	-0.0096
-0.065	5531.2	-0.0004
-0.065	5695.3	0.0035
-0.065	5859.4	0.0067
-0.065	6023.4	-0.0027
-0.065	6187.5	-0.0177
-0.065	6351.6	0.0024
-0.065	6515.6	-0.0013
-0.065	6679.7	0.0054
-0.065	6843.8	-0.0103
-0.065	7007.8	-0.0083
-0.065	7171.9	-0.0134
-0.065	7335.9	-0.0082
-0.065	7500.0	0.0114
-0.065	7664.1	-0.0130
-0.065	7828.1	-0.0020
-0.065	7992.2	-0.0060

-0.025	0.0	0.0003
-0.025	140.6	-0.1263
-0.025	304.7	0.0737
-0.025	468.8	0.0890
-0.025	632.8	-0.0120
-0.025	796.9	-0.1200
-0.025	960.9	0.0353
-0.025	1125.0	0.2073
-0.025	1289.1	-0.0497
-0.025	1453.1	0.0287
-0.025	1617.2	0.0863
-0.025	1781.2	0.0124
-0.025	1945.3	0.0186
-0.025	2109.4	-0.0050
-0.025	2273.4	0.0250
-0.025	2437.5	-0.0178
-0.025	2601.6	-0.0231
-0.025	2765.6	0.0083
-0.025	2929.7	0.0200
-0.025	3093.8	-0.0371
-0.025	3257.8	0.0048
-0.025	3421.9	0.0361
-0.025	3585.9	0.0003
-0.025	3750.0	-0.0150
-0.025	3914.1	0.0082
-0.025	4054.7	0.0092
-0.025	4218.8	-0.0026
-0.025	4382.8	-0.0020
-0.025	4546.9	-0.0045
-0.025	4710.9	0.0032
-0.025	4875.0	0.0019
-0.025	5039.1	-0.0000
-0.025	5203.1	-0.0080
-0.025	5367.2	-0.0094
-0.025	5531.2	0.0057
-0.025	5695.3	0.0067
-0.025	5859.4	0.0020
-0.025	6023.4	0.0135
-0.025	6187.5	-0.0025
-0.025	6351.6	-0.0046
-0.025	6515.6	-0.0003
-0.025	6679.7	0.0058
-0.025	6843.8	-0.0018
-0.025	7007.8	0.0073
-0.025	7171.9	0.0058
-0.025	7335.9	0.0002
-0.025	7500.0	0.0017
-0.025	7664.1	0.0094
-0.025	7828.1	0.0011
-0.025	7992.2	0.0017

0.015	0.0	0.0003
0.015	140.6	-0.1284
0.015	304.7	0.0650
0.015	468.8	0.0804
0.015	632.8	-0.0205
0.015	796.9	-0.1151
0.015	960.9	0.0313
0.015	1125.0	0.1968
0.015	1289.1	-0.0460
0.015	1453.1	0.0308
0.015	1617.2	0.0954
0.015	1781.2	0.0094
0.015	1945.3	0.0141
0.015	2109.4	0.0083
0.015	2273.4	0.0331
0.015	2437.5	-0.0220
0.015	2601.6	-0.0152
0.015	2765.6	0.0179
0.015	2929.7	0.0204
0.015	3093.8	-0.0303
0.015	3257.8	0.0045
0.015	3421.9	0.0231
0.015	3585.9	0.0052
0.015	3750.0	-0.0085
0.015	3914.1	0.0148
0.015	4054.7	-0.0070
0.015	4218.8	0.0059
0.015	4382.8	-0.0052
0.015	4546.9	0.0117
0.015	4710.9	-0.0062
0.015	4875.0	-0.0018
0.015	5039.1	-0.0011
0.015	5203.1	-0.0009
0.015	5367.2	0.0042
0.015	5531.2	0.0011
0.015	5695.3	-0.0001
0.015	5859.4	-0.0086
0.015	6023.4	0.0082
0.015	6187.5	0.0161
0.015	6351.6	-0.0083
0.015	6515.6	0.0055
0.015	6679.7	-0.0057
0.015	6843.8	0.0106
0.015	7007.8	0.0130
0.015	7171.9	0.0066
0.015	7335.9	0.0106
0.015	7500.0	-0.0111
0.015	7664.1	0.0059
0.015	7828.1	0.0019
0.015	7992.2	0.0091

0.055	0.0	0.0003
0.055	140.6	-0.1296
0.055	304.7	0.0601
0.055	468.8	0.0712
0.055	632.8	-0.0247
0.055	796.9	-0.1088
0.055	960.9	0.0253
0.055	1125.0	0.1725
0.055	1289.1	-0.0387
0.055	1453.1	0.0268
0.055	1617.2	0.0910
0.055	1781.2	0.0057
0.055	1945.3	0.0084
0.055	2109.4	0.0189
0.055	2273.4	0.0312
0.055	2437.5	-0.0205
0.055	2601.6	-0.0042
0.055	2765.6	0.0191
0.055	2929.7	0.0113
0.055	3093.8	-0.0096
0.055	3257.8	0.0033
0.055	3421.9	-0.0036
0.055	3585.9	0.0074
0.055	3750.0	0.0056
0.055	3914.1	0.0101
0.055	4054.7	-0.0153
0.055	4218.8	0.0064
0.055	4382.8	-0.0033
0.055	4546.9	0.0144
0.055	4710.9	-0.0092
0.055	4875.0	-0.0002
0.055	5039.1	0.0013
0.055	5203.1	0.0089
0.055	5367.2	0.0112
0.055	5531.2	-0.0045
0.055	5695.3	-0.0055
0.055	5859.4	-0.0031
0.055	6023.4	-0.0119
0.055	6187.5	0.0058
0.055	6351.6	0.0073
0.055	6515.6	0.0024
0.055	6679.7	-0.0043
0.055	6843.8	-0.0002
0.055	7007.8	-0.0084
0.055	7171.9	-0.0094
0.055	7335.9	-0.0046
0.055	7500.0	0.0067
0.055	7664.1	-0.0129
0.055	7828.1	-0.0020
0.055	7992.2	-0.0059

0.095	0.0	0.0003
0.095	140.6	-0.1297
0.095	304.7	0.0588
0.095	468.8	0.0613
0.095	632.8	-0.0247
0.095	796.9	-0.1009
0.095	960.9	0.0161
0.095	1125.0	0.1360
0.095	1289.1	-0.0276
0.095	1453.1	0.0170
0.095	1617.2	0.0738
0.095	1781.2	0.0014
0.095	1945.3	0.0039
0.095	2109.4	0.0263
0.095	2273.4	0.0187
0.095	2437.5	-0.0137
0.095	2601.6	0.0076
0.095	2765.6	0.0110
0.095	2929.7	-0.0027
0.095	3093.8	0.0105
0.095	3257.8	-0.0036
0.095	3421.9	-0.0249
0.095	3585.9	0.0077
0.095	3750.0	0.0157
0.095	3914.1	0.0028
0.095	4054.7	-0.0081
0.095	4218.8	0.0050
0.095	4382.8	0.0031
0.095	4546.9	0.0050
0.095	4710.9	-0.0045
0.095	4875.0	0.0035
0.095	5039.1	0.0052
0.095	5203.1	0.0016
0.095	5367.2	-0.0019
0.095	5531.2	-0.0054
0.095	5695.3	0.0033
0.095	5859.4	0.0034
0.095	6023.4	-0.0033
0.095	6187.5	-0.0147
0.095	6351.6	-0.0034
0.095	6515.6	0.0036
0.095	6679.7	0.0051
0.095	6843.8	-0.0085
0.095	7007.8	0.0021
0.095	7171.9	-0.0114
0.095	7335.9	-0.0009
0.095	7500.0	0.0004
0.095	7664.1	-0.0045
0.095	7828.1	-0.0003
0.095	7992.2	-0.0007

0.136	0.0	0.0003
0.136	140.6	-0.1288
0.136	304.7	0.0607
0.136	468.8	0.0512
0.136	632.8	-0.0210
0.136	796.9	-0.0904
0.136	960.9	0.0036
0.136	1125.0	0.0901
0.136	1289.1	-0.0127
0.136	1453.1	0.0040
0.136	1617.2	0.0458
0.136	1781.2	-0.0038
0.136	1945.3	0.0011
0.136	2109.4	0.0296
0.136	2273.4	0.0005
0.136	2437.5	-0.0024
0.136	2601.6	0.0193
0.136	2765.6	-0.0001
0.136	2929.7	-0.0125
0.136	3093.8	0.0185
0.136	3257.8	-0.0162
0.136	3421.9	-0.0243
0.136	3585.9	0.0032
0.136	3750.0	0.0077
0.136	3914.1	-0.0018
0.136	4054.7	-0.0014
0.136	4218.8	0.0127
0.136	4382.8	0.0059
0.136	4546.9	0.0015
0.136	4710.9	0.0031
0.136	4875.0	-0.0095
0.136	5039.1	-0.0051
0.136	5203.1	-0.0113
0.136	5367.2	-0.0038
0.136	5531.2	-0.0042
0.136	5695.3	-0.0018
0.136	5859.4	-0.0062
0.136	6023.4	0.0037
0.136	6187.5	-0.0065
0.136	6351.6	-0.0153
0.136	6515.6	-0.0103
0.136	6679.7	-0.0039
0.136	6843.8	0.0001
0.136	7007.8	-0.0131
0.136	7171.9	0.0065
0.136	7335.9	-0.0038
0.136	7500.0	-0.0055
0.136	7664.1	0.0006
0.136	7828.1	-0.0019
0.136	7992.2	-0.0115

0.176	0.0	0.0003
0.176	140.6	-0.1267
0.176	304.7	0.0652
0.176	468.8	0.0408
0.176	632.8	-0.0146
0.176	796.9	-0.0764
0.176	960.9	-0.0117
0.176	1125.0	0.0407
0.176	1289.1	0.0041
0.176	1453.1	-0.0071
0.176	1617.2	0.0142
0.176	1781.2	-0.0091
0.176	1945.3	-0.0011
0.176	2109.4	0.0274
0.176	2273.4	-0.0118
0.176	2437.5	0.0087
0.176	2601.6	0.0268
0.176	2765.6	-0.0028
0.176	2929.7	-0.0095
0.176	3093.8	0.0145
0.176	3257.8	-0.0210
0.176	3421.9	-0.0102
0.176	3585.9	-0.0045
0.176	3750.0	-0.0064
0.176	3914.1	-0.0054
0.176	4054.7	-0.0113
0.176	4218.8	0.0150
0.176	4382.8	0.0007
0.176	4546.9	0.0051
0.176	4710.9	0.0039
0.176	4875.0	-0.0152
0.176	5039.1	-0.0104
0.176	5203.1	0.0030
0.176	5367.2	0.0086
0.176	5531.2	-0.0022
0.176	5695.3	-0.0093
0.176	5859.4	0.0047
0.176	6023.4	-0.0139
0.176	6187.5	-0.0107
0.176	6351.6	0.0128
0.176	6515.6	-0.0086
0.176	6679.7	0.0062
0.176	6843.8	-0.0096
0.176	7007.8	-0.0079
0.176	7171.9	-0.0002
0.176	7335.9	-0.0055
0.176	7500.0	0.0049
0.176	7664.1	0.0078
0.176	7828.1	0.0011
0.176	7992.2	0.0033

0.216	0.0	0.0003
0.216	140.6	-0.1234
0.216	304.7	0.0714
0.216	468.8	0.0305
0.216	632.8	-0.0067
0.216	796.9	-0.0586
0.216	960.9	-0.0275
0.216	1125.0	-0.0021
0.216	1289.1	0.0189
0.216	1453.1	-0.0100
0.216	1617.2	-0.0083
0.216	1781.2	-0.0127
0.216	1945.3	-0.0038
0.216	2109.4	0.0209
0.216	2273.4	-0.0068
0.216	2437.5	0.0117
0.216	2601.6	0.0254
0.216	2765.6	0.0073
0.216	2929.7	0.0008
0.216	3093.8	0.0129
0.216	3257.8	-0.0090
0.216	3421.9	-0.0135
0.216	3585.9	-0.0054
0.216	3750.0	0.0019
0.216	3914.1	-0.0091
0.216	4054.7	-0.0151
0.216	4218.8	0.0020
0.216	4382.8	0.0015
0.216	4546.9	-0.0025
0.216	4710.9	0.0027
0.216	4875.0	0.0004
0.216	5039.1	0.0011
0.216	5203.1	-0.0008
0.216	5367.2	-0.0073
0.216	5531.2	-0.0009
0.216	5695.3	0.0041
0.216	5859.4	0.0032
0.216	6023.4	0.0079
0.216	6187.5	-0.0115
0.216	6351.6	-0.0144
0.216	6515.6	-0.0085
0.216	6679.7	-0.0011
0.216	6843.8	0.0020
0.216	7007.8	-0.0080
0.216	7171.9	0.0134
0.216	7335.9	-0.0027
0.216	7500.0	-0.0033
0.216	7664.1	0.0062
0.216	7828.1	-0.0009
0.216	7992.2	-0.0069

0.256	0.0	0.0003
0.256	140.6	-0.1188
0.256	304.7	0.0786
0.256	468.8	0.0209
0.256	632.8	0.0010
0.256	796.9	-0.0381
0.256	960.9	-0.0404
0.256	1125.0	-0.0260
0.256	1289.1	0.0263
0.256	1453.1	-0.0012
0.256	1617.2	-0.0085
0.256	1781.2	-0.0124
0.256	1945.3	-0.0066
0.256	2109.4	0.0152
0.256	2273.4	0.0126
0.256	2437.5	0.0035
0.256	2601.6	0.0176
0.256	2765.6	0.0167
0.256	2929.7	0.0008
0.256	3093.8	0.0223
0.256	3257.8	-0.0006
0.256	3421.9	-0.0328
0.256	3585.9	0.0008
0.256	3750.0	0.0153
0.256	3914.1	-0.0085
0.256	4054.7	-0.0007
0.256	4218.8	0.0048
0.256	4382.8	0.0066
0.256	4546.9	-0.0045
0.256	4710.9	0.0067
0.256	4875.0	-0.0119
0.256	5039.1	-0.0093
0.256	5203.1	-0.0091
0.256	5367.2	0.0021
0.256	5531.2	-0.0015
0.256	5695.3	-0.0097
0.256	5859.4	-0.0002
0.256	6023.4	-0.0115
0.256	6187.5	-0.0062
0.256	6351.6	0.0135
0.256	6515.6	-0.0100
0.256	6679.7	0.0061
0.256	6843.8	-0.0088
0.256	7007.8	-0.0042
0.256	7171.9	0.0020
0.256	7335.9	-0.0010
0.256	7500.0	-0.0028
0.256	7664.1	0.0115
0.256	7828.1	0.0015
0.256	7992.2	0.0024

0.296	0.0	0.0003
0.296	140.6	-0.1129
0.296	304.7	0.0860
0.296	468.8	0.0123
0.296	632.8	0.0071
0.296	796.9	-0.0172
0.296	960.9	-0.0468
0.296	1125.0	-0.0204
0.296	1289.1	0.0220
0.296	1453.1	0.0170
0.296	1617.2	0.0172
0.296	1781.2	-0.0079
0.296	1945.3	-0.0074
0.296	2109.4	0.0162
0.296	2273.4	0.0258
0.296	2437.5	-0.0064
0.296	2601.6	0.0141
0.296	2765.6	0.0098
0.296	2929.7	-0.0109
0.296	3093.8	0.0260
0.296	3257.8	-0.0136
0.296	3421.9	-0.0264
0.296	3585.9	-0.0002
0.296	3750.0	0.0002
0.296	3914.1	-0.0050
0.296	4054.7	-0.0074
0.296	4218.8	0.0157
0.296	4382.8	0.0007
0.296	4546.9	0.0054
0.296	4710.9	0.0027
0.296	4875.0	-0.0099
0.296	5039.1	-0.0047
0.296	5203.1	0.0064
0.296	5367.2	0.0008
0.296	5531.2	-0.0019
0.296	5695.3	0.0025
0.296	5859.4	0.0056
0.296	6023.4	0.0055
0.296	6187.5	-0.0135
0.296	6351.6	-0.0157
0.296	6515.6	-0.0092
0.296	6679.7	-0.0026
0.296	6843.8	0.0010
0.296	7007.8	-0.0162
0.296	7171.9	0.0090
0.296	7335.9	-0.0097
0.296	7500.0	0.0086
0.296	7664.1	0.0032
0.296	7828.1	-0.0004
0.296	7992.2	-0.0010

0.347	0.0	0.0003
0.347	140.6	-0.1038
0.347	304.7	0.0943
0.347	468.8	0.0043
0.347	632.8	0.0106
0.347	796.9	0.0036
0.347	960.9	-0.0415
0.347	1125.0	0.0312
0.347	1289.1	0.0009
0.347	1453.1	0.0387
0.347	1617.2	0.0641
0.347	1781.2	-0.0006
0.347	1945.3	-0.0026
0.347	2109.4	0.0257
0.347	2273.4	0.0110
0.347	2437.5	-0.0041
0.347	2601.6	0.0205
0.347	2765.6	-0.0024
0.347	2929.7	-0.0076
0.347	3093.8	0.0065
0.347	3257.8	-0.0179
0.347	3421.9	-0.0049
0.347	3585.9	-0.0026
0.347	3750.0	0.0018
0.347	3914.1	-0.0032
0.347	4054.7	-0.0148
0.347	4218.8	0.0035
0.347	4382.8	0.0044
0.347	4546.9	-0.0003
0.347	4710.9	0.0015
0.347	4875.0	-0.0068
0.347	5039.1	-0.0057
0.347	5203.1	-0.0096
0.347	5367.2	0.0043
0.347	5531.2	-0.0045
0.347	5695.3	-0.0103
0.347	5859.4	0.0012
0.347	6023.4	-0.0148
0.347	6187.5	-0.0143
0.347	6351.6	0.0046
0.347	6515.6	-0.0016
0.347	6679.7	0.0054
0.347	6843.8	-0.0046
0.347	7007.8	-0.0004
0.347	7171.9	0.0050
0.347	7335.9	-0.0012
0.347	7500.0	-0.0051
0.347	7664.1	-0.0016
0.347	7828.1	-0.0022
0.347	7992.2	-0.0097

0.387	0.0	0.0003
0.387	140.6	-0.0951
0.387	304.7	0.0995
0.387	468.8	0.0007
0.387	632.8	0.0094
0.387	796.9	0.0112
0.387	960.9	-0.0266
0.387	1125.0	0.0952
0.387	1289.1	-0.0212
0.387	1453.1	0.0416
0.387	1617.2	0.0839
0.387	1781.2	0.0015
0.387	1945.3	0.0047
0.387	2109.4	0.0292
0.387	2273.4	-0.0061
0.387	2437.5	0.0023
0.387	2601.6	0.0186
0.387	2765.6	0.0089
0.387	2929.7	0.0089
0.387	3093.8	-0.0010
0.387	3257.8	-0.0013
0.387	3421.9	-0.0203
0.387	3585.9	0.0070
0.387	3750.0	0.0154
0.387	3914.1	0.0033
0.387	4054.7	-0.0018
0.387	4218.8	0.0168
0.387	4382.8	0.0025
0.387	4546.9	0.0122
0.387	4710.9	-0.0024
0.387	4875.0	-0.0100
0.387	5039.1	-0.0021
0.387	5203.1	0.0073
0.387	5367.2	0.0007
0.387	5531.2	-0.0053
0.387	5695.3	0.0050
0.387	5859.4	-0.0045
0.387	6023.4	0.0054
0.387	6187.5	-0.0030
0.387	6351.6	-0.0092
0.387	6515.6	-0.0081
0.387	6679.7	-0.0017
0.387	6843.8	-0.0088
0.387	7007.8	-0.0087
0.387	7171.9	-0.0118
0.387	7335.9	-0.0001
0.387	7500.0	-0.0076
0.387	7664.1	-0.0024
0.387	7828.1	-0.0014
0.387	7992.2	-0.0106

0.427	0.0	0.0003
0.427	140.6	-0.0853
0.427	304.7	0.1029
0.427	468.8	0.0002
0.427	632.8	0.0048
0.427	796.9	0.0073
0.427	960.9	-0.0058
0.427	1125.0	0.1563
0.427	1289.1	-0.0372
0.427	1453.1	0.0270
0.427	1617.2	0.0720
0.427	1781.2	-0.0005
0.427	1945.3	0.0109
0.427	2109.4	0.0225
0.427	2273.4	0.0014
0.427	2437.5	-0.0042
0.427	2601.6	0.0040
0.427	2765.6	0.0205
0.427	2929.7	0.0079
0.427	3093.8	0.0013
0.427	3257.8	-0.0065
0.427	3421.9	-0.0120
0.427	3585.9	0.0072
0.427	3750.0	-0.0045
0.427	3914.1	0.0098
0.427	4054.7	-0.0159
0.427	4218.8	0.0115
0.427	4382.8	-0.0021
0.427	4546.9	0.0096
0.427	4710.9	-0.0073
0.427	4875.0	0.0048
0.427	5039.1	0.0033
0.427	5203.1	-0.0090
0.427	5367.2	0.0042
0.427	5531.2	-0.0057
0.427	5695.3	-0.0075
0.427	5859.4	-0.0006
0.427	6023.4	-0.0110
0.427	6187.5	-0.0087
0.427	6351.6	-0.0085
0.427	6515.6	0.0080
0.427	6679.7	-0.0040
0.427	6843.8	0.0036
0.427	7007.8	-0.0086
0.427	7171.9	-0.0083
0.427	7335.9	-0.0076
0.427	7500.0	0.0113
0.427	7664.1	-0.0100
0.427	7828.1	0.0000
0.427	7992.2	0.0019

0.467	0.0	0.0003
0.467	140.6	-0.0744
0.467	304.7	0.1041
0.467	468.8	0.0032
0.467	632.8	-0.0022
0.467	796.9	-0.0090
0.467	960.9	0.0152
0.467	1125.0	0.1918
0.467	1289.1	-0.0398
0.467	1453.1	0.0025
0.467	1617.2	0.0398
0.467	1781.2	-0.0028
0.467	1945.3	0.0136
0.467	2109.4	0.0115
0.467	2273.4	0.0259
0.467	2437.5	-0.0199
0.467	2601.6	-0.0080
0.467	2765.6	0.0093
0.467	2929.7	-0.0011
0.467	3093.8	-0.0143
0.467	3257.8	-0.0150
0.467	3421.9	0.0180
0.467	3585.9	0.0047
0.467	3750.0	0.0007
0.467	3914.1	0.0119
0.467	4054.7	-0.0048
0.467	4218.8	0.0026
0.467	4382.8	0.0024
0.467	4546.9	0.0105
0.467	4710.9	-0.0062
0.467	4875.0	-0.0052
0.467	5039.1	0.0009
0.467	5203.1	0.0106
0.467	5367.2	0.0017
0.467	5531.2	-0.0027
0.467	5695.3	0.0086
0.467	5859.4	-0.0091
0.467	6023.4	0.0050
0.467	6187.5	0.0131
0.467	6351.6	0.0084
0.467	6515.6	0.0078
0.467	6679.7	0.0028
0.467	6843.8	-0.0010
0.467	7007.8	0.0183
0.467	7171.9	-0.0038
0.467	7335.9	0.0068
0.467	7500.0	-0.0010
0.467	7664.1	-0.0104
0.467	7828.1	-0.0005
0.467	7992.2	0.0060

0.508	0.0	0.0003
0.508	140.6	-0.0626
0.508	304.7	0.1032
0.508	468.8	0.0097
0.508	632.8	-0.0100
0.508	796.9	-0.0356
0.508	960.9	0.0300
0.508	1125.0	0.1878
0.508	1289.1	-0.0286
0.508	1453.1	-0.0169
0.508	1617.2	0.0166
0.508	1781.2	-0.0005
0.508	1945.3	0.0147
0.508	2109.4	0.0067
0.508	2273.4	0.0319
0.508	2437.5	-0.0243
0.508	2601.6	-0.0085
0.508	2765.6	-0.0029
0.508	2929.7	0.0102
0.508	3093.8	-0.0332
0.508	3257.8	0.0051
0.508	3421.9	0.0102
0.508	3585.9	0.0119
0.508	3750.0	0.0095
0.508	3914.1	0.0155
0.508	4054.7	0.0053
0.508	4218.8	0.0083
0.508	4382.8	-0.0058
0.508	4546.9	0.0099
0.508	4710.9	-0.0093
0.508	4875.0	0.0158
0.508	5039.1	0.0097
0.508	5203.1	-0.0068
0.508	5367.2	0.0021
0.508	5531.2	0.0011
0.508	5695.3	-0.0029
0.508	5859.4	0.0045
0.508	6023.4	0.0030
0.508	6187.5	0.0051
0.508	6351.6	-0.0112
0.508	6515.6	0.0049
0.508	6679.7	-0.0065
0.508	6843.8	0.0043
0.508	7007.8	0.0042
0.508	7171.9	-0.0041
0.508	7335.9	0.0091
0.508	7500.0	-0.0102
0.508	7664.1	0.0044
0.508	7828.1	0.0002
0.508	7992.2	0.0016

0.548	0.0	0.0003
0.548	140.6	-0.0500
0.548	304.7	0.1001
0.548	468.8	0.0194
0.548	632.8	-0.0164
0.548	796.9	-0.0680
0.548	960.9	0.0338
0.548	1125.0	0.1472
0.548	1289.1	-0.0113
0.548	1453.1	-0.0192
0.548	1617.2	0.0239
0.548	1781.2	0.0069
0.548	1945.3	0.0174
0.548	2109.4	0.0085
0.548	2273.4	0.0092
0.548	2437.5	-0.0139
0.548	2601.6	-0.0114
0.548	2765.6	0.0062
0.548	2929.7	0.0217
0.548	3093.8	-0.0273
0.548	3257.8	0.0119
0.548	3421.9	0.0117
0.548	3585.9	0.0071
0.548	3750.0	-0.0131
0.548	3914.1	0.0117
0.548	4054.7	-0.0026
0.548	4218.8	-0.0130
0.548	4382.8	-0.0009
0.548	4546.9	-0.0045
0.548	4710.9	-0.0006
0.548	4875.0	-0.0008
0.548	5039.1	-0.0007
0.548	5203.1	0.0112
0.548	5367.2	-0.0034
0.548	5531.2	0.0052
0.548	5695.3	0.0075
0.548	5859.4	-0.0049
0.548	6023.4	-0.0001
0.548	6187.5	0.0102
0.548	6351.6	0.0183
0.548	6515.6	0.0057
0.548	6679.7	0.0027
0.548	6843.8	0.0084
0.548	7007.8	-0.0032
0.548	7171.9	0.0107
0.548	7335.9	-0.0059
0.548	7500.0	0.0070
0.548	7664.1	0.0131
0.548	7828.1	0.0019
0.548	7992.2	-0.0007

0.588	0.0	0.0003
0.588	140.6	-0.0368
0.588	304.7	0.0951
0.588	468.8	0.0318
0.588	632.8	-0.0195
0.588	796.9	-0.1002
0.588	960.9	0.0258
0.588	1125.0	0.0887
0.588	1289.1	0.0008
0.588	1453.1	-0.0048
0.588	1617.2	0.0552
0.588	1781.2	0.0145
0.588	1945.3	0.0222
0.588	2109.4	0.0062
0.588	2273.4	-0.0090
0.588	2437.5	-0.0086
0.588	2601.6	-0.0246
0.588	2765.6	0.0107
0.588	2929.7	0.0084
0.588	3093.8	-0.0207
0.588	3257.8	-0.0003
0.588	3421.9	0.0352
0.588	3585.9	-0.0012
0.588	3750.0	-0.0009
0.588	3914.1	0.0029
0.588	4054.7	0.0177
0.588	4218.8	-0.0074
0.588	4382.8	-0.0028
0.588	4546.9	-0.0031
0.588	4710.9	0.0010
0.588	4875.0	0.0131
0.588	5039.1	0.0055
0.588	5203.1	-0.0087
0.588	5367.2	-0.0005
0.588	5531.2	0.0053
0.588	5695.3	-0.0031
0.588	5859.4	0.0109
0.588	6023.4	0.0104
0.588	6187.5	-0.0007
0.588	6351.6	-0.0021
0.588	6515.6	-0.0127
0.588	6679.7	0.0054
0.588	6843.8	-0.0068
0.588	7007.8	0.0050
0.588	7171.9	0.0122
0.588	7335.9	-0.0043
0.588	7500.0	0.0074
0.588	7664.1	0.0026
0.588	7828.1	0.0006
0.588	7992.2	-0.0006

0.628	0.0	0.0003
0.628	140.6	-0.0230
0.628	304.7	0.0886
0.628	468.8	0.0459
0.628	632.8	-0.0177
0.628	796.9	-0.1257
0.628	960.9	0.0087
0.628	1125.0	0.0384
0.628	1289.1	-0.0005
0.628	1453.1	0.0135
0.628	1617.2	0.0795
0.628	1781.2	0.0166
0.628	1945.3	0.0250
0.628	2109.4	-0.0066
0.628	2273.4	0.0015
0.628	2437.5	-0.0153
0.628	2601.6	-0.0309
0.628	2765.6	-0.0076
0.628	2929.7	-0.0012
0.628	3093.8	-0.0246
0.628	3257.8	0.0122
0.628	3421.9	0.0143
0.628	3585.9	0.0008
0.628	3750.0	0.0016
0.628	3914.1	-0.0040
0.628	4054.7	0.0068
0.628	4218.8	-0.0111
0.628	4382.8	-0.0015
0.628	4546.9	-0.0164
0.628	4710.9	0.0092
0.628	4875.0	-0.0094
0.628	5039.1	-0.0097
0.628	5203.1	0.0076
0.628	5367.2	-0.0057
0.628	5531.2	0.0018
0.628	5695.3	-0.0014
0.628	5859.4	-0.0022
0.628	6023.4	-0.0131
0.628	6187.5	-0.0153
0.628	6351.6	-0.0064
0.628	6515.6	-0.0064
0.628	6679.7	-0.0043
0.628	6843.8	-0.0052
0.628	7007.8	-0.0135
0.628	7171.9	-0.0089
0.628	7335.9	0.0034
0.628	7500.0	-0.0105
0.628	7664.1	-0.0097
0.628	7828.1	-0.0022
0.628	7992.2	-0.0014

0.668	0.0	0.0003
0.668	140.6	-0.0088
0.668	304.7	0.0811
0.668	468.8	0.0608
0.668	632.8	-0.0102
0.668	796.9	-0.1394
0.668	960.9	-0.0113
0.668	1125.0	0.0174
0.668	1289.1	-0.0154
0.668	1453.1	0.0199
0.668	1617.2	0.0690
0.668	1781.2	0.0126
0.668	1945.3	0.0217
0.668	2109.4	-0.0214
0.668	2273.4	0.0169
0.668	2437.5	-0.0152
0.668	2601.6	-0.0197
0.668	2765.6	-0.0173
0.668	2929.7	0.0074
0.668	3093.8	-0.0074
0.668	3257.8	0.0188
0.668	3421.9	-0.0046
0.668	3585.9	-0.0075
0.668	3750.0	-0.0141
0.668	3914.1	-0.0136
0.668	4054.7	0.0025
0.668	4218.8	-0.0103
0.668	4382.8	0.0046
0.668	4546.9	-0.0050
0.668	4710.9	0.0062
0.668	4875.0	-0.0003
0.668	5039.1	0.0005
0.668	5203.1	-0.0115
0.668	5367.2	0.0042
0.668	5531.2	-0.0036
0.668	5695.3	-0.0023
0.668	5859.4	0.0023
0.668	6023.4	0.0059
0.668	6187.5	-0.0012
0.668	6351.6	0.0061
0.668	6515.6	0.0032
0.668	6679.7	0.0028
0.668	6843.8	0.0022
0.668	7007.8	-0.0074
0.668	7171.9	-0.0115
0.668	7335.9	-0.0022
0.668	7500.0	-0.0039
0.668	7664.1	-0.0062
0.668	7828.1	-0.0013
0.668	7992.2	-0.0010

0.709	0.0	0.0003
0.709	140.6	0.0056
0.709	304.7	0.0731
0.709	468.8	0.0755
0.709	632.8	0.0032
0.709	796.9	-0.1389
0.709	960.9	-0.0271
0.709	1125.0	0.0322
0.709	1289.1	-0.0352
0.709	1453.1	0.0071
0.709	1617.2	0.0239
0.709	1781.2	0.0072
0.709	1945.3	0.0132
0.709	2109.4	-0.0259
0.709	2273.4	0.0046
0.709	2437.5	0.0019
0.709	2601.6	-0.0070
0.709	2765.6	-0.0043
0.709	2929.7	0.0016
0.709	3093.8	0.0197
0.709	3257.8	-0.0029
0.709	3421.9	0.0045
0.709	3585.9	-0.0121
0.709	3750.0	0.0079
0.709	3914.1	-0.0148
0.709	4054.7	0.0056
0.709	4218.8	0.0098
0.709	4382.8	-0.0004
0.709	4546.9	-0.0030
0.709	4710.9	0.0033
0.709	4875.0	-0.0131
0.709	5039.1	-0.0095
0.709	5203.1	0.0076
0.709	5367.2	-0.0020
0.709	5531.2	-0.0058
0.709	5695.3	-0.0036
0.709	5859.4	-0.0050
0.709	6023.4	-0.0098
0.709	6187.5	-0.0041
0.709	6351.6	-0.0172
0.709	6515.6	0.0032
0.709	6679.7	-0.0021
0.709	6843.8	-0.0014
0.709	7007.8	0.0205
0.709	7171.9	0.0033
0.709	7335.9	-0.0005
0.709	7500.0	0.0122
0.709	7664.1	0.0050
0.709	7828.1	0.0021
0.709	7992.2	0.0018

0.749	0.0	0.0003
0.749	140.6	0.0202
0.749	304.7	0.0650
0.749	468.8	0.0887
0.749	632.8	0.0214
0.749	796.9	-0.1247
0.749	960.9	-0.0333
0.749	1125.0	0.0715
0.749	1289.1	-0.0482
0.749	1453.1	-0.0179
0.749	1617.2	-0.0275
0.749	1781.2	0.0056
0.749	1945.3	0.0043
0.749	2109.4	-0.0198
0.749	2273.4	-0.0239
0.749	2437.5	0.0176
0.749	2601.6	-0.0040
0.749	2765.6	-0.0007
0.749	2929.7	-0.0179
0.749	3093.8	0.0232
0.749	3257.8	-0.0048
0.749	3421.9	-0.0196
0.749	3585.9	-0.0033
0.749	3750.0	0.0041
0.749	3914.1	-0.0085
0.749	4054.7	-0.0169
0.749	4218.8	0.0030
0.749	4382.8	0.0058
0.749	4546.9	0.0083
0.749	4710.9	-0.0038
0.749	4875.0	0.0006
0.749	5039.1	0.0082
0.749	5203.1	-0.0084
0.749	5367.2	0.0080
0.749	5531.2	-0.0029
0.749	5695.3	0.0067
0.749	5859.4	-0.0049
0.749	6023.4	0.0062
0.749	6187.5	0.0149
0.749	6351.6	0.0141
0.749	6515.6	0.0116
0.749	6679.7	-0.0049
0.749	6843.8	0.0065
0.749	7007.8	0.0018
0.749	7171.9	0.0054
0.749	7335.9	0.0077
0.749	7500.0	-0.0010
0.749	7664.1	0.0070
0.749	7828.1	0.0018
0.749	7992.2	0.0023

0.789	0.0	0.0003
0.789	140.6	0.0347
0.789	304.7	0.0576
0.789	468.8	0.0997
0.789	632.8	0.0429
0.789	796.9	-0.1001
0.789	960.9	-0.0275
0.789	1125.0	0.1120
0.789	1289.1	-0.0461
0.789	1453.1	-0.0392
0.789	1617.2	-0.0535
0.789	1781.2	0.0078
0.789	1945.3	-0.0018
0.789	2109.4	-0.0140
0.789	2273.4	-0.0304
0.789	2437.5	0.0162
0.789	2601.6	0.0020
0.789	2765.6	-0.0135
0.789	2929.7	-0.0156
0.789	3093.8	0.0223
0.789	3257.8	0.0029
0.789	3421.9	-0.0343
0.789	3585.9	-0.0034
0.789	3750.0	-0.0051
0.789	3914.1	-0.0013
0.789	4054.7	-0.0053
0.789	4218.8	0.0162
0.789	4382.8	-0.0019
0.789	4546.9	0.0136
0.789	4710.9	-0.0089
0.789	4875.0	0.0026
0.789	5039.1	-0.0014
0.789	5203.1	0.0113
0.789	5367.2	-0.0046
0.789	5531.2	0.0026
0.789	5695.3	-0.0024
0.789	5859.4	0.0046
0.789	6023.4	0.0054
0.789	6187.5	0.0060
0.789	6351.6	0.0023
0.789	6515.6	-0.0060
0.789	6679.7	0.0077
0.789	6843.8	0.0026
0.789	7007.8	-0.0124
0.789	7171.9	0.0047
0.789	7335.9	-0.0037
0.789	7500.0	-0.0115
0.789	7664.1	-0.0002
0.789	7828.1	-0.0021
0.789	7992.2	-0.0018

0.829	0.0	0.0003
0.829	140.6	0.0491
0.829	304.7	0.0512
0.829	468.8	0.1077
0.829	632.8	0.0655
0.829	796.9	-0.0704
0.829	960.9	-0.0114
0.829	1125.0	0.1297
0.829	1289.1	-0.0285
0.829	1453.1	-0.0436
0.829	1617.2	-0.0449
0.829	1781.2	0.0090
0.829	1945.3	-0.0061
0.829	2109.4	-0.0149
0.829	2273.4	-0.0093
0.829	2437.5	0.0094
0.829	2601.6	0.0189
0.829	2765.6	-0.0105
0.829	2929.7	-0.0020
0.829	3093.8	0.0308
0.829	3257.8	-0.0145
0.829	3421.9	-0.0074
0.829	3585.9	0.0002
0.829	3750.0	0.0145
0.829	3914.1	0.0104
0.829	4054.7	-0.0061
0.829	4218.8	0.0074
0.829	4382.8	-0.0014
0.829	4546.9	0.0041
0.829	4710.9	-0.0048
0.829	4875.0	0.0070
0.829	5039.1	0.0113
0.829	5203.1	-0.0068
0.829	5367.2	0.0032
0.829	5531.2	0.0059
0.829	5695.3	0.0073
0.829	5859.4	-0.0010
0.829	6023.4	-0.0034
0.829	6187.5	-0.0073
0.829	6351.6	-0.0037
0.829	6515.6	-0.0107
0.829	6679.7	-0.0016
0.829	6843.8	-0.0107
0.829	7007.8	0.0026
0.829	7171.9	0.0008
0.829	7335.9	-0.0097
0.829	7500.0	0.0070
0.829	7664.1	-0.0063
0.829	7828.1	-0.0020
0.829	7992.2	-0.0039

0.869	0.0	0.0003
0.869	140.6	0.0633
0.869	304.7	0.0464
0.869	468.8	0.1122
0.869	632.8	0.0870
0.869	796.9	-0.0413
0.869	960.9	0.0100
0.869	1125.0	0.1098
0.869	1289.1	-0.0031
0.869	1453.1	-0.0291
0.869	1617.2	-0.0209
0.869	1781.2	0.0049
0.869	1945.3	-0.0117
0.869	2109.4	-0.0161
0.869	2273.4	0.0061
0.869	2437.5	0.0136
0.869	2601.6	0.0303
0.869	2765.6	0.0097
0.869	2929.7	-0.0062
0.869	3093.8	0.0191
0.869	3257.8	-0.0186
0.869	3421.9	-0.0042
0.869	3585.9	0.0115
0.869	3750.0	-0.0002
0.869	3914.1	0.0151
0.869	4054.7	-0.0070
0.869	4218.8	-0.0069
0.869	4382.8	-0.0015
0.869	4546.9	0.0036
0.869	4710.9	-0.0025
0.869	4875.0	0.0098
0.869	5039.1	-0.0058
0.869	5203.1	0.0085
0.869	5367.2	-0.0082
0.869	5531.2	0.0033
0.869	5695.3	-0.0091
0.869	5859.4	0.0092
0.869	6023.4	0.0049
0.869	6187.5	-0.0057
0.869	6351.6	0.0065
0.869	6515.6	0.0013
0.869	6679.7	-0.0012
0.869	6843.8	0.0013
0.869	7007.8	-0.0064
0.869	7171.9	-0.0132
0.869	7335.9	0.0080
0.869	7500.0	0.0063
0.869	7664.1	-0.0047
0.869	7828.1	0.0020
0.869	7992.2	0.0021

0.910	0.0	0.0003
0.910	140.6	0.0771
0.910	304.7	0.0434
0.910	468.8	0.1130
0.910	632.8	0.1054
0.910	796.9	-0.0179
0.910	960.9	0.0306
0.910	1125.0	0.0535
0.910	1289.1	0.0192
0.910	1453.1	-0.0056
0.910	1617.2	-0.0103
0.910	1781.2	-0.0037
0.910	1945.3	-0.0190
0.910	2109.4	-0.0081
0.910	2273.4	-0.0044
0.910	2437.5	0.0208
0.910	2601.6	0.0242
0.910	2765.6	0.0144
0.910	2929.7	-0.0105
0.910	3093.8	-0.0095
0.910	3257.8	0.0019
0.910	3421.9	-0.0059
0.910	3585.9	0.0082
0.910	3750.0	-0.0092
0.910	3914.1	0.0110
0.910	4054.7	0.0157
0.910	4218.8	-0.0023
0.910	4382.8	-0.0055
0.910	4546.9	-0.0140
0.910	4710.9	0.0081
0.910	4875.0	-0.0067
0.910	5039.1	0.0012
0.910	5203.1	-0.0098
0.910	5367.2	0.0034
0.910	5531.2	-0.0020
0.910	5695.3	0.0038
0.910	5859.4	-0.0080
0.910	6023.4	-0.0141
0.910	6187.5	-0.0110
0.910	6351.6	-0.0190
0.910	6515.6	0.0013
0.910	6679.7	0.0014
0.910	6843.8	0.0033
0.910	7007.8	0.0063
0.910	7171.9	-0.0021
0.910	7335.9	0.0059
0.910	7500.0	-0.0111
0.910	7664.1	0.0055
0.910	7828.1	0.0017
0.910	7992.2	0.0063

0.950	0.0	0.0003
0.950	140.6	0.0905
0.950	304.7	0.0424
0.950	468.8	0.1101
0.950	632.8	0.1189
0.950	796.9	-0.0033
0.950	960.9	0.0446
0.950	1125.0	-0.0241
0.950	1289.1	0.0298
0.950	1453.1	0.0122
0.950	1617.2	-0.0271
0.950	1781.2	-0.0121
0.950	1945.3	-0.0247
0.950	2109.4	0.0079
0.950	2273.4	-0.0196
0.950	2437.5	0.0138
0.950	2601.6	0.0123
0.950	2765.6	0.0021
0.950	2929.7	0.0062
0.950	3093.8	-0.0205
0.950	3257.8	0.0029
0.950	3421.9	0.0255
0.950	3585.9	0.0031
0.950	3750.0	0.0071
0.950	3914.1	0.0050
0.950	4054.7	0.0059
0.950	4218.8	-0.0178
0.950	4382.8	0.0033
0.950	4546.9	-0.0085
0.950	4710.9	0.0062
0.950	4875.0	0.0016
0.950	5039.1	-0.0094
0.950	5203.1	0.0044
0.950	5367.2	-0.0021
0.950	5531.2	-0.0058
0.950	5695.3	-0.0081
0.950	5859.4	0.0026
0.950	6023.4	0.0099
0.950	6187.5	0.0143
0.950	6351.6	0.0147
0.950	6515.6	0.0133
0.950	6679.7	-0.0064
0.950	6843.8	0.0016
0.950	7007.8	0.0152
0.950	7171.9	0.0156
0.950	7335.9	-0.0078
0.950	7500.0	0.0040
0.950	7664.1	0.0096
0.950	7828.1	-0.0019
0.950	7992.2	-0.0032

1.000	0.0	0.0003
1.000	140.6	0.1065
1.000	304.7	0.0445
1.000	468.8	0.1019
1.000	632.8	0.1276
1.000	796.9	0.0009
1.000	960.9	0.0477
1.000	1125.0	-0.1168
1.000	1289.1	0.0241
1.000	1453.1	0.0131
1.000	1617.2	-0.0686
1.000	1781.2	-0.0152
1.000	1945.3	-0.0240
1.000	2109.4	0.0229
1.000	2273.4	-0.0050
1.000	2437.5	-0.0094
1.000	2601.6	0.0075
1.000	2765.6	0.0046
1.000	2929.7	0.0191
1.000	3093.8	-0.0212
1.000	3257.8	-0.0024
1.000	3421.9	0.0254
1.000	3585.9	0.0039
1.000	3750.0	-0.0125
1.000	3914.1	-0.0093
1.000	4054.7	0.0090
1.000	4218.8	-0.0008
1.000	4382.8	-0.0009
1.000	4546.9	-0.0069
1.000	4710.9	0.0051
1.000	4875.0	-0.0143
1.000	5039.1	0.0044
1.000	5203.1	-0.0089
1.000	5367.2	0.0105
1.000	5531.2	-0.0024
1.000	5695.3	0.0084
1.000	5859.4	-0.0064
1.000	6023.4	-0.0029
1.000	6187.5	0.0063
1.000	6351.6	0.0050
1.000	6515.6	-0.0021
1.000	6679.7	0.0037
1.000	6843.8	0.0021
1.000	7007.8	-0.0123
1.000	7171.9	0.0017
1.000	7335.9	-0.0046
1.000	7500.0	0.0111
1.000	7664.1	-0.0052
1.000	7828.1	-0.0021
1.000	7992.2	-0.0020

