X	Freq	Value
-1.000	0.0	0.3108
-1.000	140.6	0.0268
-1.000	304.7	-0.2619
-1.000	468.8	0.0127
-1.000	632.8	0.0084
-1.000	796.9	-0.0388
-1.000	960.9	0.0056
-1.000	1125.0	0.0487
-1.000	1289.1	-0.0193
-1.000	1453.1	0.0007
-1.000	1617.2	0.0212
-1.000	1781.2	0.0104
-1.000	1945.3	0.0078
-1.000	2109.4	0.0068
-1.000	2273.4	-0.0012
-1.000	2437.5	0.0072
-1.000	2601.6	-0.0073
-1.000	2765.6	0.0094
-1.000	2929.7	-0.0025
-1.000	3093.8	-0.0042
-1.000	3257.8	-0.0028
-1.000	3421.9	-0.0054
-1.000	3585.9	0.0038
-1.000	3750.0	-0.0096
-1.000	3914.1	0.0035
-1.000	4054.7	-0.0038
-1.000	4218.8	-0.0028
-1.000	4382.8	0.0052
-1.000	4546.9	-0.0004
-1.000	4710.9	0.0068
-1.000	4875.0	0.0023
-1.000	5039.1	0.0080
-1.000	5203.1	-0.0036
-1.000	5367.2	0.0012
-1.000	5531.2	-0.0012
-1.000	5695.3	-0.0045
-1.000	5859.4	0.0039
-1.000	6023.4	-0.0089
-1.000	6187.5	-0.0054
-1.000	6351.6	0.0048
-1.000	6515.6	-0.0084
-1.000	6679.7	0.0026
-1.000	6843.8	0.0004
-1.000	7007.8	-0.0028
-1.000	7171.9	-0.0066
-1.000	7335.9	0.0026
-1.000	7500.0	-0.0043
-1.000	7664.1	-0.0024
-1.000	7828.1	0.0003
-1.000	7992.2	0.0027

-0.960	0.0	0.3108
-0.960	140.6	0.0256
-0.960	304.7	-0.2718
-0.960	468.8	0.0116
-0.960	632.8	0.0088
-0.960	796.9	-0.0410
-0.960	960.9	0.0071
-0.960	1125.0	0.0502
-0.960	1289.1	-0.0151
-0.960	1453.1	0.0043
-0.960	1617.2	-0.0041
-0.960	1781.2	0.0059
-0.960	1945.3	0.0082
-0.960	2109.4	0.0025
-0.960	2273.4	-0.0078
-0.960	2437.5	0.0106
-0.960	2601.6	-0.0046
-0.960	2765.6	0.0034
-0.960	2929.7	0.0099
-0.960	3093.8	0.0003
-0.960	3257.8	-0.0059
-0.960	3421.9	0.0008
-0.960	3585.9	-0.0007
-0.960	3750.0	-0.0044
-0.960	3914.1	0.0075
-0.960	4054.7	-0.0060
-0.960	4218.8	0.0081
-0.960	4382.8	-0.0028
-0.960	4546.9	-0.0040
-0.960	4710.9	-0.0010
-0.960	4875.0	0.0043
-0.960	5039.1	-0.0028
-0.960	5203.1	-0.0039
-0.960	5367.2	-0.0027
-0.960	5531.2	0.0062
-0.960	5695.3	0.0088
-0.960	5859.4	0.0001
-0.960	6023.4	0.0062
-0.960	6187.5	-0.0009
-0.960	6351.6	-0.0086
-0.960	6515.6	0.0045
-0.960	6679.7	-0.0019
-0.960	6843.8	-0.0061
-0.960	7007.8	0.0061
-0.960	7171.9	0.0030
-0.960	7335.9	-0.0028
-0.960	7500.0	0.0051
-0.960	7664.1	0.0028
-0.960	7828.1	-0.0018
-0.960	7992.2	-0.0014

-0.920	0.0	0.3108
-0.920	140.6	0.0243
-0.920	304.7	-0.2784
-0.920	468.8	0.0101
-0.920	632.8	0.0086
-0.920	796.9	-0.0396
-0.920	960.9	0.0076
-0.920	1125.0	0.0429
-0.920	1289.1	-0.0073
-0.920	1453.1	0.0067
-0.920	1617.2	-0.0284
-0.920	1781.2	-0.0013
-0.920	1945.3	0.0043
-0.920	2109.4	-0.0034
-0.920	2273.4	-0.0091
-0.920	2437.5	0.0057
-0.920	2601.6	0.0022
-0.920	2765.6	-0.0061
-0.920	2929.7	0.0116
-0.920	3093.8	0.0045
-0.920	3257.8	-0.0012
-0.920	3421.9	0.0059
-0.920	3585.9	-0.0042
-0.920	3750.0	0.0083
-0.920	3914.1	-0.0019
-0.920	4054.7	0.0032
-0.920	4218.8	0.0026
-0.920	4382.8	-0.0048
-0.920	4546.9	0.0015
-0.920	4710.9	-0.0063
-0.920	4875.0	-0.0045
-0.920	5039.1	-0.0062
-0.920	5203.1	0.0064
-0.920	5367.2	0.0012
-0.920	5531.2	-0.0048
-0.920	5695.3	-0.0049
-0.920	5859.4	-0.0039
-0.920	6023.4	0.0008
-0.920	6187.5	0.0064
-0.920	6351.6	0.0077
-0.920	6515.6	0.0012
-0.920	6679.7	0.0005
-0.920	6843.8	0.0095
-0.920	7007.8	-0.0075
-0.920	7171.9	0.0008
-0.920	7335.9	0.0026
-0.920	7500.0	-0.0054
-0.920	7664.1	-0.0029
-0.920	7828.1	0.0029
-0.920	7992.2	0.0005

-0.879	0.0	0.3108
-0.879	140.6	0.0229
-0.879	304.7	-0.2813
-0.879	468.8	0.0083
-0.879	632.8	0.0080
-0.879	796.9	-0.0344
-0.879	960.9	0.0072
-0.879	1125.0	0.0275
-0.879	1289.1	0.0024
-0.879	1453.1	0.0072
-0.879	1617.2	-0.0424
-0.879	1781.2	-0.0080
-0.879	1945.3	-0.0019
-0.879	2109.4	-0.0072
-0.879	2273.4	-0.0039
-0.879	2437.5	-0.0039
-0.879	2601.6	0.0071
-0.879	2765.6	-0.0094
-0.879	2929.7	0.0000
-0.879	3093.8	0.0031
-0.879	3257.8	0.0052
-0.879	3421.9	0.0023
-0.879	3585.9	-0.0009
-0.879	3750.0	0.0066
-0.879	3914.1	-0.0078
-0.879	4054.7	0.0062
-0.879	4218.8	-0.0084
-0.879	4382.8	0.0038
-0.879	4546.9	0.0035
-0.879	4710.9	0.0039
-0.879	4875.0	-0.0016
-0.879	5039.1	0.0070
-0.879	5203.1	-0.0014
-0.879	5367.2	0.0016
-0.879	5531.2	-0.0011
-0.879	5695.3	-0.0030
-0.879	5859.4	0.0047
-0.879	6023.4	-0.0070
-0.879	6187.5	-0.0081
-0.879	6351.6	-0.0032
-0.879	6515.6	-0.0061
-0.879	6679.7	0.0009
-0.879	6843.8	-0.0102
-0.879	7007.8	0.0074
-0.879	7171.9	-0.0040
-0.879	7335.9	-0.0022
-0.879	7500.0	0.0052
-0.879	7664.1	0.0029
-0.879	7828.1	-0.0035
-0.879	7992.2	-0.0001

-0.839	0.0	0.3108
-0.839	140.6	0.0214
-0.839	304.7	-0.2802
-0.839	468.8	0.0061
-0.839	632.8	0.0068
-0.839	796.9	-0.0258
-0.839	960.9	0.0057
-0.839	1125.0	0.0065
-0.839	1289.1	0.0117
-0.839	1453.1	0.0054
-0.839	1617.2	-0.0402
-0.839	1781.2	-0.0111
-0.839	1945.3	-0.0071
-0.839	2109.4	-0.0065
-0.839	2273.4	0.0042
-0.839	2437.5	-0.0104
-0.839	2601.6	0.0053
-0.839	2765.6	-0.0027
-0.839	2929.7	-0.0116
-0.839	3093.8	-0.0024
-0.839	3257.8	0.0043
-0.839	3421.9	-0.0049
-0.839	3585.9	0.0039
-0.839	3750.0	-0.0069
-0.839	3914.1	0.0013
-0.839	4054.7	-0.0034
-0.839	4218.8	-0.0013
-0.839	4382.8	0.0037
-0.839	4546.9	-0.0029
-0.839	4710.9	0.0042
-0.839	4875.0	0.0055
-0.839	5039.1	0.0007
-0.839	5203.1	-0.0051
-0.839	5367.2	-0.0027
-0.839	5531.2	0.0059
-0.839	5695.3	0.0083
-0.839	5859.4	-0.0023
-0.839	6023.4	0.0089
-0.839	6187.5	0.0057
-0.839	6351.6	-0.0023
-0.839	6515.6	0.0085
-0.839	6679.7	-0.0020
-0.839	6843.8	0.0088
-0.839	7007.8	-0.0062
-0.839	7171.9	0.0063
-0.839	7335.9	0.0017
-0.839	7500.0	-0.0049
-0.839	7664.1	-0.0028
-0.839	7828.1	0.0038
-0.839	7992.2	0.0002

-0.799	0.0	0.3108
-0.799	140.6	0.0198
-0.799	304.7	-0.2750
-0.799	468.8	0.0037
-0.799	632.8	0.0052
-0.799	796.9	-0.0144
-0.799	960.9	0.0034
-0.799	1125.0	-0.0161
-0.799	1289.1	0.0181
-0.799	1453.1	0.0017
-0.799	1617.2	-0.0217
-0.799	1781.2	-0.0088
-0.799	1945.3	-0.0084
-0.799	2109.4	-0.0014
-0.799	2273.4	0.0092
-0.799	2437.5	-0.0078
-0.799	2601.6	-0.0017
-0.799	2765.6	0.0070
-0.799	2929.7	-0.0093
-0.799	3093.8	-0.0047
-0.799	3257.8	-0.0029
-0.799	3421.9	-0.0043
-0.799	3585.9	0.0020
-0.799	3750.0	-0.0077
-0.799	3914.1	0.0079
-0.799	4054.7	-0.0059
-0.799	4218.8	0.0086
-0.799	4382.8	-0.0050
-0.799	4546.9	-0.0021
-0.799	4710.9	-0.0064
-0.799	4875.0	-0.0023
-0.799	5039.1	-0.0075
-0.799	5203.1	0.0062
-0.799	5367.2	0.0013
-0.799	5531.2	-0.0057
-0.799	5695.3	-0.0076
-0.799	5859.4	-0.0014
-0.799	6023.4	-0.0061
-0.799	6187.5	-0.0010
-0.799	6351.6	0.0067
-0.799	6515.6	-0.0084
-0.799	6679.7	0.0026
-0.799	6843.8	-0.0060
-0.799	7007.8	0.0044
-0.799	7171.9	-0.0078
-0.799	7335.9	-0.0012
-0.799	7500.0	0.0045
-0.799	7664.1	0.0028
-0.799	7828.1	-0.0038
-0.799	7992.2	-0.0007

-0.759	0.0	0.3108
-0.759	140.6	0.0181
-0.759	304.7	-0.2654
-0.759	468.8	0.0011
-0.759	632.8	0.0032
-0.759	796.9	-0.0014
-0.759	960.9	0.0005
-0.759	1125.0	-0.0357
-0.759	1289.1	0.0197
-0.759	1453.1	-0.0025
-0.759	1617.2	0.0061
-0.759	1781.2	-0.0021
-0.759	1945.3	-0.0047
-0.759	2109.4	0.0047
-0.759	2273.4	0.0070
-0.759	2437.5	0.0018
-0.759	2601.6	-0.0071
-0.759	2765.6	0.0089
-0.759	2929.7	0.0048
-0.759	3093.8	-0.0006
-0.759	3257.8	-0.0058
-0.759	3421.9	0.0033
-0.759	3585.9	-0.0034
-0.759	3750.0	0.0061
-0.759	3914.1	-0.0015
-0.759	4054.7	0.0042
-0.759	4218.8	-0.0011
-0.759	4382.8	-0.0017
-0.759	4546.9	0.0040
-0.759	4710.9	0.0001
-0.759	4875.0	-0.0036
-0.759	5039.1	0.0061
-0.759	5203.1	-0.0013
-0.759	5367.2	0.0011
-0.759	5531.2	0.0013
-0.759	5695.3	0.0020
-0.759	5859.4	0.0042
-0.759	6023.4	0.0007
-0.759	6187.5	-0.0038
-0.759	6351.6	-0.0087
-0.759	6515.6	0.0064
-0.759	6679.7	-0.0026
-0.759	6843.8	0.0029
-0.759	7007.8	-0.0025
-0.759	7171.9	0.0086
-0.759	7335.9	0.0008
-0.759	7500.0	-0.0043
-0.759	7664.1	-0.0027
-0.759	7828.1	0.0035
-0.759	7992.2	0.0017

-0.719	0.0	0.3108
-0.719	140.6	0.0163
-0.719	304.7	-0.2515
-0.719	468.8	-0.0015
-0.719	632.8	0.0010
-0.719	796.9	0.0120
-0.719	960.9	-0.0025
-0.719	1125.0	-0.0481
-0.719	1289.1	0.0159
-0.719	1453.1	-0.0060
-0.719	1617.2	0.0317
-0.719	1781.2	0.0058
-0.719	1945.3	0.0020
-0.719	2109.4	0.0075
-0.719	2273.4	-0.0010
-0.719	2437.5	0.0099
-0.719	2601.6	-0.0051
-0.719	2765.6	0.0004
-0.719	2929.7	0.0127
-0.719	3093.8	0.0044
-0.719	3257.8	0.0003
-0.719	3421.9	0.0054
-0.719	3585.9	-0.0027
-0.719	3750.0	0.0080
-0.719	3914.1	-0.0077
-0.719	4054.7	0.0050
-0.719	4218.8	-0.0082
-0.719	4382.8	0.0058
-0.719	4546.9	-0.0003
-0.719	4710.9	0.0062
-0.719	4875.0	0.0053
-0.719	5039.1	0.0015
-0.719	5203.1	-0.0047
-0.719	5367.2	-0.0026
-0.719	5531.2	0.0038
-0.719	5695.3	0.0045
-0.719	5859.4	-0.0048
-0.719	6023.4	0.0048
-0.719	6187.5	0.0071
-0.719	6351.6	0.0084
-0.719	6515.6	-0.0032
-0.719	6679.7	0.0023
-0.719	6843.8	0.0001
-0.719	7007.8	0.0008
-0.719	7171.9	-0.0090
-0.719	7335.9	-0.0006
-0.719	7500.0	0.0042
-0.719	7664.1	0.0028
-0.719	7828.1	-0.0028
-0.719	7992.2	-0.0031

-0.678	0.0	0.3108
-0.678	140.6	0.0144
-0.678	304.7	-0.2332
-0.678	468.8	-0.0042
-0.678	632.8	-0.0013
-0.678	796.9	0.0243
-0.678	960.9	-0.0052
-0.678	1125.0	-0.0501
-0.678	1289.1	0.0075
-0.678	1453.1	-0.0073
-0.678	1617.2	0.0435
-0.678	1781.2	0.0107
-0.678	1945.3	0.0074
-0.678	2109.4	0.0048
-0.678	2273.4	-0.0083
-0.678	2437.5	0.0085
-0.678	2601.6	0.0025
-0.678	2765.6	-0.0086
-0.678	2929.7	0.0038
-0.678	3093.8	0.0030
-0.678	3257.8	0.0059
-0.678	3421.9	-0.0019
-0.678	3585.9	0.0031
-0.678	3750.0	-0.0061
-0.678	3914.1	0.0026
-0.678	4054.7	-0.0055
-0.678	4218.8	0.0043
-0.678	4382.8	-0.0014
-0.678	4546.9	-0.0038
-0.678	4710.9	-0.0049
-0.678	4875.0	-0.0013
-0.678	5039.1	-0.0075
-0.678	5203.1	0.0065
-0.678	5367.2	0.0022
-0.678	5531.2	-0.0064
-0.678	5695.3	-0.0084
-0.678	5859.4	0.0032
-0.678	6023.4	-0.0082
-0.678	6187.5	-0.0081
-0.678	6351.6	-0.0062
-0.678	6515.6	-0.0001
-0.678	6679.7	-0.0018
-0.678	6843.8	-0.0027
-0.678	7007.8	0.0006
-0.678	7171.9	0.0091
-0.678	7335.9	0.0005
-0.678	7500.0	-0.0043
-0.678	7664.1	-0.0029
-0.678	7828.1	0.0018
-0.678	7992.2	0.0047

-0.638	0.0	0.3108
-0.638	140.6	0.0125
-0.638	304.7	-0.2107
-0.638	468.8	-0.0067
-0.638	632.8	-0.0036
-0.638	796.9	0.0340
-0.638	960.9	-0.0070
-0.638	1125.0	-0.0407
-0.638	1289.1	-0.0033
-0.638	1453.1	-0.0059
-0.638	1617.2	0.0356
-0.638	1781.2	0.0098
-0.638	1945.3	0.0081
-0.638	2109.4	-0.0016
-0.638	2273.4	-0.0084
-0.638	2437.5	-0.0012
-0.638	2601.6	0.0073
-0.638	2765.6	-0.0070
-0.638	2929.7	-0.0104
-0.638	3093.8	-0.0029
-0.638	3257.8	0.0018
-0.638	3421.9	-0.0058
-0.638	3585.9	0.0030
-0.638	3750.0	-0.0077
-0.638	3914.1	0.0072
-0.638	4054.7	-0.0033
-0.638	4218.8	0.0062
-0.638	4382.8	-0.0049
-0.638	4546.9	0.0030
-0.638	4710.9	-0.0020
-0.638	4875.0	-0.0040
-0.638	5039.1	0.0066
-0.638	5203.1	-0.0032
-0.638	5367.2	-0.0002
-0.638	5531.2	0.0052
-0.638	5695.3	0.0080
-0.638	5859.4	-0.0005
-0.638	6023.4	0.0089
-0.638	6187.5	0.0071
-0.638	6351.6	0.0032
-0.638	6515.6	0.0031
-0.638	6679.7	0.0012
-0.638	6843.8	0.0046
-0.638	7007.8	-0.0016
-0.638	7171.9	-0.0091
-0.638	7335.9	-0.0005
-0.638	7500.0	0.0046
-0.638	7664.1	0.0029
-0.638	7828.1	-0.0004
-0.638	7992.2	-0.0063

-0.598	0.0	0.3108
-0.598	140.6	0.0104
-0.598	304.7	-0.1841
-0.598	468.8	-0.0090
-0.598	632.8	-0.0056
-0.598	796.9	0.0398
-0.598	960.9	-0.0076
-0.598	1125.0	-0.0218
-0.598	1289.1	-0.0132
-0.598	1453.1	-0.0023
-0.598	1617.2	0.0107
-0.598	1781.2	0.0033
-0.598	1945.3	0.0034
-0.598	2109.4	-0.0068
-0.598	2273.4	-0.0010
-0.598	2437.5	-0.0098
-0.598	2601.6	0.0039
-0.598	2765.6	0.0035
-0.598	2929.7	-0.0101
-0.598	3093.8	-0.0043
-0.598	3257.8	-0.0053
-0.598	3421.9	0.0008
-0.598	3585.9	-0.0030
-0.598	3750.0	0.0069
-0.598	3914.1	-0.0043
-0.598	4054.7	0.0066
-0.598	4218.8	-0.0074
-0.598	4382.8	0.0045
-0.598	4546.9	0.0014
-0.598	4710.9	0.0067
-0.598	4875.0	0.0053
-0.598	5039.1	-0.0001
-0.598	5203.1	-0.0024
-0.598	5367.2	-0.0018
-0.598	5531.2	-0.0013
-0.598	5695.3	-0.0042
-0.598	5859.4	-0.0023
-0.598	6023.4	-0.0070
-0.598	6187.5	-0.0048
-0.598	6351.6	0.0001
-0.598	6515.6	-0.0054
-0.598	6679.7	-0.0006
-0.598	6843.8	-0.0061
-0.598	7007.8	0.0023
-0.598	7171.9	0.0091
-0.598	7335.9	0.0006
-0.598	7500.0	-0.0049
-0.598	7664.1	-0.0029
-0.598	7828.1	-0.0013
-0.598	7992.2	0.0076

-0.558	0.0	0.3108
-0.558	140.6	0.0083
-0.558	304.7	-0.1539
-0.558	468.8	-0.0109
-0.558	632.8	-0.0073
-0.558	796.9	0.0408
-0.558	960.9	-0.0070
-0.558	1125.0	0.0027
-0.558	1289.1	-0.0191
-0.558	1453.1	0.0023
-0.558	1617.2	-0.0196
-0.558	1781.2	-0.0052
-0.558	1945.3	-0.0037
-0.558	2109.4	-0.0066
-0.558	2273.4	0.0074
-0.558	2437.5	-0.0083
-0.558	2601.6	-0.0041
-0.558	2765.6	0.0095
-0.558	2929.7	0.0048
-0.558	3093.8	0.0011
-0.558	3257.8	-0.0034
-0.558	3421.9	0.0059
-0.558	3585.9	-0.0029
-0.558	3750.0	0.0067
-0.558	3914.1	-0.0059
-0.558	4054.7	0.0005
-0.558	4218.8	-0.0022
-0.558	4382.8	0.0018
-0.558	4546.9	-0.0041
-0.558	4710.9	-0.0043
-0.558	4875.0	-0.0017
-0.558	5039.1	-0.0063
-0.558	5203.1	0.0062
-0.558	5367.2	0.0027
-0.558	5531.2	-0.0031
-0.558	5695.3	-0.0011
-0.558	5859.4	0.0042
-0.558	6023.4	0.0037
-0.558	6187.5	0.0017
-0.558	6351.6	-0.0030
-0.558	6515.6	0.0071
-0.558	6679.7	0.0001
-0.558	6843.8	0.0070
-0.558	7007.8	-0.0026
-0.558	7171.9	-0.0091
-0.558	7335.9	-0.0009
-0.558	7500.0	0.0052
-0.558	7664.1	0.0027
-0.558	7828.1	0.0032
-0.558	7992.2	-0.0079

-0.518	0.0	0.3108
-0.518	140.6	0.0062
-0.518	304.7	-0.1205
-0.518	468.8	-0.0124
-0.518	632.8	-0.0084
-0.518	796.9	0.0368
-0.518	960.9	-0.0050
-0.518	1125.0	0.0267
-0.518	1289.1	-0.0189
-0.518	1453.1	0.0060
-0.518	1617.2	-0.0405
-0.518	1781.2	-0.0107
-0.518	1945.3	-0.0083
-0.518	2109.4	-0.0010
-0.518	2273.4	0.0089
-0.518	2437.5	0.0021
-0.518	2601.6	-0.0072
-0.518	2765.6	0.0029
-0.518	2929.7	0.0126
-0.518	3093.8	0.0048
-0.518	3257.8	0.0045
-0.518	3421.9	-0.0002
-0.518	3585.9	0.0031
-0.518	3750.0	-0.0081
-0.518	3914.1	0.0063
-0.518	4054.7	-0.0069
-0.518	4218.8	0.0086
-0.518	4382.8	-0.0058
-0.518	4546.9	0.0021
-0.518	4710.9	-0.0023
-0.518	4875.0	-0.0033
-0.518	5039.1	0.0078
-0.518	5203.1	-0.0059
-0.518	5367.2	-0.0021
-0.518	5531.2	0.0060
-0.518	5695.3	0.0058
-0.518	5859.4	-0.0048
-0.518	6023.4	0.0002
-0.518	6187.5	0.0013
-0.518	6351.6	0.0053
-0.518	6515.6	-0.0081
-0.518	6679.7	0.0003
-0.518	6843.8	-0.0076
-0.518	7007.8	0.0027
-0.518	7171.9	0.0091
-0.518	7335.9	0.0013
-0.518	7500.0	-0.0054
-0.518	7664.1	-0.0022
-0.518	7828.1	-0.0050
-0.518	7992.2	0.0070

-0.477	0.0	0.3108
-0.477	140.6	0.0040
-0.477	304.7	-0.0844
-0.477	468.8	-0.0134
-0.477	632.8	-0.0088
-0.477	796.9	0.0280
-0.477	960.9	-0.0021
-0.477	1125.0	0.0443
-0.477	1289.1	-0.0125
-0.477	1453.1	0.0073
-0.477	1617.2	-0.0410
-0.477	1781.2	-0.0096
-0.477	1945.3	-0.0069
-0.477	2109.4	0.0055
-0.477	2273.4	0.0018
-0.477	2437.5	0.0103
-0.477	2601.6	-0.0015
-0.477	2765.6	-0.0077
-0.477	2929.7	0.0016
-0.477	3093.8	0.0006
-0.477	3257.8	0.0043
-0.477	3421.9	-0.0059
-0.477	3585.9	0.0027
-0.477	3750.0	-0.0048
-0.477	3914.1	0.0035
-0.477	4054.7	0.0029
-0.477	4218.8	-0.0034
-0.477	4382.8	0.0027
-0.477	4546.9	0.0021
-0.477	4710.9	0.0066
-0.477	4875.0	0.0055
-0.477	5039.1	-0.0038
-0.477	5203.1	0.0021
-0.477	5367.2	0.0005
-0.477	5531.2	-0.0063
-0.477	5695.3	-0.0084
-0.477	5859.4	0.0043
-0.477	6023.4	-0.0038
-0.477	6187.5	-0.0039
-0.477	6351.6	-0.0070
-0.477	6515.6	0.0086
-0.477	6679.7	-0.0006
-0.477	6843.8	0.0079
-0.477	7007.8	-0.0025
-0.477	7171.9	-0.0090
-0.477	7335.9	-0.0017
-0.477	7500.0	0.0053
-0.477	7664.1	0.0015
-0.477	7828.1	0.0063
-0.477	7992.2	-0.0044

-0.437	0.0	0.3108
-0.437	140.6	0.0017
-0.437	304.7	-0.0463
-0.437	468.8	-0.0137
-0.437	632.8	-0.0085
-0.437	796.9	0.0154
-0.437	960.9	0.0012
-0.437	1125.0	0.0507
-0.437	1289.1	-0.0019
-0.437	1453.1	0.0054
-0.437	1617.2	-0.0202
-0.437	1781.2	-0.0026
-0.437	1945.3	-0.0004
-0.437	2109.4	0.0074
-0.437	2273.4	-0.0070
-0.437	2437.5	0.0070
-0.437	2601.6	0.0061
-0.437	2765.6	-0.0077
-0.437	2929.7	-0.0119
-0.437	3093.8	-0.0046
-0.437	3257.8	-0.0038
-0.437	3421.9	0.0000
-0.437	3585.9	-0.0034
-0.437	3750.0	0.0094
-0.437	3914.1	-0.0077
-0.437	4054.7	0.0053
-0.437	4218.8	-0.0062
-0.437	4382.8	0.0035
-0.437	4546.9	-0.0041
-0.437	4710.9	-0.0048
-0.437	4875.0	-0.0033
-0.437	5039.1	-0.0027
-0.437	5203.1	0.0028
-0.437	5367.2	0.0013
-0.437	5531.2	0.0043
-0.437	5695.3	0.0085
-0.437	5859.4	-0.0028
-0.437	6023.4	0.0066
-0.437	6187.5	0.0059
-0.437	6351.6	0.0081
-0.437	6515.6	-0.0088
-0.437	6679.7	0.0009
-0.437	6843.8	-0.0080
-0.437	7007.8	0.0020
-0.437	7171.9	0.0087
-0.437	7335.9	0.0021
-0.437	7500.0	-0.0047
-0.437	7664.1	-0.0006
-0.437	7828.1	-0.0065
-0.437	7992.2	0.0006

-0.397	0.0	0.3108
-0.397	140.6	-0.0006
-0.397	304.7	-0.0069
-0.397	468.8	-0.0134
-0.397	632.8	-0.0074
-0.397	796.9	0.0007
-0.397	960.9	0.0043
-0.397	1125.0	0.0438
-0.397	1289.1	0.0095
-0.397	1453.1	0.0012
-0.397	1617.2	0.0115
-0.397	1781.2	0.0062
-0.397	1945.3	0.0064
-0.397	2109.4	0.0028
-0.397	2273.4	-0.0089
-0.397	2437.5	-0.0042
-0.397	2601.6	0.0060
-0.397	2765.6	0.0032
-0.397	2929.7	-0.0069
-0.397	3093.8	-0.0020
-0.397	3257.8	-0.0049
-0.397	3421.9	0.0059
-0.397	3585.9	-0.0021
-0.397	3750.0	0.0019
-0.397	3914.1	-0.0000
-0.397	4054.7	-0.0059
-0.397	4218.8	0.0078
-0.397	4382.8	-0.0057
-0.397	4546.9	0.0020
-0.397	4710.9	-0.0011
-0.397	4875.0	-0.0013
-0.397	5039.1	0.0074
-0.397	5203.1	-0.0061
-0.397	5367.2	-0.0025
-0.397	5531.2	-0.0009
-0.397	5695.3	-0.0064
-0.397	5859.4	0.0009
-0.397	6023.4	-0.0083
-0.397	6187.5	-0.0072
-0.397	6351.6	-0.0086
-0.397	6515.6	0.0088
-0.397	6679.7	-0.0010
-0.397	6843.8	0.0078
-0.397	7007.8	-0.0013
-0.397	7171.9	-0.0081
-0.397	7335.9	-0.0025
-0.397	7500.0	0.0037
-0.397	7664.1	-0.0006
-0.397	7828.1	0.0053
-0.397	7992.2	0.0037

-0.357	0.0	0.3108
-0.357	140.6	-0.0029
-0.357	304.7	0.0330
-0.357	468.8	-0.0125
-0.357	632.8	-0.0058
-0.357	796.9	-0.0143
-0.357	960.9	0.0066
-0.357	1125.0	0.0251
-0.357	1289.1	0.0177
-0.357	1453.1	-0.0035
-0.357	1617.2	0.0372
-0.357	1781.2	0.0110
-0.357	1945.3	0.0084
-0.357	2109.4	-0.0042
-0.357	2273.4	-0.0017
-0.357	2437.5	-0.0106
-0.357	2601.6	-0.0019
-0.357	2765.6	0.0095
-0.357	2929.7	0.0091
-0.357	3093.8	0.0041
-0.357	3257.8	0.0032
-0.357	3421.9	-0.0002
-0.357	3585.9	0.0038
-0.357	3750.0	-0.0100
-0.357	3914.1	0.0077
-0.357	4054.7	-0.0016
-0.357	4218.8	0.0003
-0.357	4382.8	0.0016
-0.357	4546.9	0.0021
-0.357	4710.9	0.0061
-0.357	4875.0	0.0049
-0.357	5039.1	-0.0075
-0.357	5203.1	0.0063
-0.357	5367.2	0.0027
-0.357	5531.2	-0.0026
-0.357	5695.3	0.0028
-0.357	5859.4	0.0010
-0.357	6023.4	0.0089
-0.357	6187.5	0.0079
-0.357	6351.6	0.0088
-0.357	6515.6	-0.0087
-0.357	6679.7	0.0011
-0.357	6843.8	-0.0075
-0.357	7007.8	0.0003
-0.357	7171.9	0.0070
-0.357	7335.9	0.0028
-0.357	7500.0	-0.0021
-0.357	7664.1	0.0017
-0.357	7828.1	-0.0028
-0.357	7992.2	-0.0070

-0.307	0.0	0.3108
-0.307	140.6	-0.0057
-0.307	304.7	0.0824
-0.307	468.8	-0.0105
-0.307	632.8	-0.0030
-0.307	796.9	-0.0301
-0.307	960.9	0.0076
-0.307	1125.0	-0.0073
-0.307	1289.1	0.0190
-0.307	1453.1	-0.0071
-0.307	1617.2	0.0402
-0.307	1781.2	0.0069
-0.307	1945.3	0.0020
-0.307	2109.4	-0.0073
-0.307	2273.4	0.0086
-0.307	2437.5	-0.0018
-0.307	2601.6	-0.0072
-0.307	2765.6	-0.0011
-0.307	2929.7	0.0074
-0.307	3093.8	0.0014
-0.307	3257.8	0.0037
-0.307	3421.9	-0.0052
-0.307	3585.9	-0.0004
-0.307	3750.0	0.0059
-0.307	3914.1	-0.0066
-0.307	4054.7	0.0058
-0.307	4218.8	-0.0055
-0.307	4382.8	0.0016
-0.307	4546.9	-0.0034
-0.307	4710.9	-0.0067
-0.307	4875.0	-0.0054
-0.307	5039.1	0.0068
-0.307	5203.1	-0.0061
-0.307	5367.2	-0.0027
-0.307	5531.2	0.0019
-0.307	5695.3	-0.0045
-0.307	5859.4	0.0004
-0.307	6023.4	-0.0080
-0.307	6187.5	-0.0061
-0.307	6351.6	-0.0071
-0.307	6515.6	0.0076
-0.307	6679.7	0.0010
-0.307	6843.8	-0.0008
-0.307	7007.8	0.0062
-0.307	7171.9	0.0018
-0.307	7335.9	-0.0015
-0.307	7500.0	-0.0041
-0.307	7664.1	-0.0026
-0.307	7828.1	-0.0056
-0.307	7992.2	0.0039

-0.266	0.0	0.3108
-0.266	140.6	-0.0080
-0.266	304.7	0.1203
-0.266	468.8	-0.0083
-0.266	632.8	-0.0004
-0.266	796.9	-0.0383
-0.266	960.9	0.0067
-0.266	1125.0	-0.0318
-0.266	1289.1	0.0123
-0.266	1453.1	-0.0065
-0.266	1617.2	0.0170
-0.266	1781.2	-0.0019
-0.266	1945.3	-0.0054
-0.266	2109.4	-0.0022
-0.266	2273.4	0.0074
-0.266	2437.5	0.0089
-0.266	2601.6	-0.0008
-0.266	2765.6	-0.0094
-0.266	2929.7	-0.0089
-0.266	3093.8	-0.0044
-0.266	3257.8	-0.0046
-0.266	3421.9	0.0030
-0.266	3585.9	-0.0041
-0.266	3750.0	0.0067
-0.266	3914.1	-0.0023
-0.266	4054.7	-0.0056
-0.266	4218.8	0.0083
-0.266	4382.8	-0.0057
-0.266	4546.9	0.0038
-0.266	4710.9	0.0046
-0.266	4875.0	0.0044
-0.266	5039.1	-0.0021
-0.266	5203.1	0.0032
-0.266	5367.2	0.0019
-0.266	5531.2	-0.0047
-0.266	5695.3	0.0009
-0.266	5859.4	0.0013
-0.266	6023.4	0.0088
-0.266	6187.5	0.0070
-0.266	6351.6	0.0077
-0.266	6515.6	-0.0078
-0.266	6679.7	-0.0010
-0.266	6843.8	0.0019
-0.266	7007.8	-0.0069
-0.266	7171.9	-0.0041
-0.266	7335.9	0.0007
-0.266	7500.0	0.0052
-0.266	7664.1	0.0017
-0.266	7828.1	0.0066
-0.266	7992.2	0.0011

-0.226	0.0	0.3108
-0.226	140.6	-0.0103
-0.226	304.7	0.1559
-0.226	468.8	-0.0057
-0.226	632.8	0.0022
-0.226	796.9	-0.0410
-0.226	960.9	0.0044
-0.226	1125.0	-0.0475
-0.226	1289.1	0.0010
-0.226	1453.1	-0.0028
-0.226	1617.2	-0.0159
-0.226	1781.2	-0.0095
-0.226	1945.3	-0.0085
-0.226	2109.4	0.0049
-0.226	2273.4	-0.0016
-0.226	2437.5	0.0089
-0.226	2601.6	0.0067
-0.226	2765.6	-0.0036
-0.226	2929.7	-0.0105
-0.226	3093.8	-0.0023
-0.226	3257.8	-0.0038
-0.226	3421.9	0.0049
-0.226	3585.9	0.0016
-0.226	3750.0	-0.0087
-0.226	3914.1	0.0080
-0.226	4054.7	-0.0018
-0.226	4218.8	-0.0016
-0.226	4382.8	0.0039
-0.226	4546.9	-0.0008
-0.226	4710.9	0.0009
-0.226	4875.0	-0.0007
-0.226	5039.1	-0.0036
-0.226	5203.1	0.0010
-0.226	5367.2	-0.0005
-0.226	5531.2	0.0063
-0.226	5695.3	0.0027
-0.226	5859.4	-0.0028
-0.226	6023.4	-0.0089
-0.226	6187.5	-0.0077
-0.226	6351.6	-0.0081
-0.226	6515.6	0.0079
-0.226	6679.7	0.0012
-0.226	6843.8	-0.0031
-0.226	7007.8	0.0075
-0.226	7171.9	0.0062
-0.226	7335.9	0.0004
-0.226	7500.0	-0.0053
-0.226	7664.1	-0.0003
-0.226	7828.1	-0.0053
-0.226	7992.2	-0.0058

-0.186	0.0	0.3108
-0.186	140.6	-0.0125
-0.186	304.7	0.1884
-0.186	468.8	-0.0027
-0.186	632.8	0.0047
-0.186	796.9	-0.0379
-0.186	960.9	0.0011
-0.186	1125.0	-0.0498
-0.186	1289.1	-0.0107
-0.186	1453.1	0.0022
-0.186	1617.2	-0.0398
-0.186	1781.2	-0.0106
-0.186	1945.3	-0.0048
-0.186	2109.4	0.0074
-0.186	2273.4	-0.0090
-0.186	2437.5	-0.0020
-0.186	2601.6	0.0051
-0.186	2765.6	0.0077
-0.186	2929.7	0.0054
-0.186	3093.8	0.0040
-0.186	3257.8	0.0046
-0.186	3421.9	-0.0037
-0.186	3585.9	0.0036
-0.186	3750.0	-0.0028
-0.186	3914.1	-0.0024
-0.186	4054.7	0.0069
-0.186	4218.8	-0.0069
-0.186	4382.8	0.0017
-0.186	4546.9	-0.0028
-0.186	4710.9	-0.0057
-0.186	4875.0	-0.0034
-0.186	5039.1	0.0074
-0.186	5203.1	-0.0047
-0.186	5367.2	-0.0010
-0.186	5531.2	-0.0063
-0.186	5695.3	-0.0058
-0.186	5859.4	0.0039
-0.186	6023.4	0.0085
-0.186	6187.5	0.0080
-0.186	6351.6	0.0084
-0.186	6515.6	-0.0080
-0.186	6679.7	-0.0013
-0.186	6843.8	0.0045
-0.186	7007.8	-0.0077
-0.186	7171.9	-0.0079
-0.186	7335.9	-0.0014
-0.186	7500.0	0.0043
-0.186	7664.1	-0.0012
-0.186	7828.1	0.0021
-0.186	7992.2	0.0079

-0.146	0.0	0.3108
-0.146	140.6	-0.0147
-0.146	304.7	0.2170
-0.146	468.8	0.0004
-0.146	632.8	0.0067
-0.146	796.9	-0.0292
-0.146	960.9	-0.0024
-0.146	1125.0	-0.0378
-0.146	1289.1	-0.0184
-0.146	1453.1	0.0061
-0.146	1617.2	-0.0409
-0.146	1781.2	-0.0044
-0.146	1945.3	0.0029
-0.146	2109.4	0.0029
-0.146	2273.4	-0.0066
-0.146	2437.5	-0.0104
-0.146	2601.6	-0.0035
-0.146	2765.6	0.0072
-0.146	2929.7	0.0122
-0.146	3093.8	0.0029
-0.146	3257.8	0.0038
-0.146	3421.9	-0.0043
-0.146	3585.9	-0.0027
-0.146	3750.0	0.0100
-0.146	3914.1	-0.0064
-0.146	4054.7	-0.0033
-0.146	4218.8	0.0077
-0.146	4382.8	-0.0056
-0.146	4546.9	0.0041
-0.146	4710.9	0.0064
-0.146	4875.0	0.0054
-0.146	5039.1	-0.0076
-0.146	5203.1	0.0065
-0.146	5367.2	0.0022
-0.146	5531.2	0.0049
-0.146	5695.3	0.0079
-0.146	5859.4	-0.0046
-0.146	6023.4	-0.0075
-0.146	6187.5	-0.0081
-0.146	6351.6	-0.0086
-0.146	6515.6	0.0080
-0.146	6679.7	0.0015
-0.146	6843.8	-0.0060
-0.146	7007.8	0.0075
-0.146	7171.9	0.0089
-0.146	7335.9	0.0022
-0.146	7500.0	-0.0024
-0.146	7664.1	0.0024
-0.146	7828.1	0.0020
-0.146	7992.2	-0.0063

-0.106	0.0	0.3108
-0.106	140.6	-0.0169
-0.106	304.7	0.2410
-0.106	468.8	0.0034
-0.106	632.8	0.0081
-0.106	796.9	-0.0162
-0.106	960.9	-0.0054
-0.106	1125.0	-0.0148
-0.106	1289.1	-0.0192
-0.106	1453.1	0.0072
-0.106	1617.2	-0.0182
-0.106	1781.2	0.0049
-0.106	1945.3	0.0082
-0.106	2109.4	-0.0044
-0.106	2273.4	0.0030
-0.106	2437.5	-0.0060
-0.106	2601.6	-0.0072
-0.106	2765.6	-0.0044
-0.106	2929.7	-0.0016
-0.106	3093.8	-0.0036
-0.106	3257.8	-0.0046
-0.106	3421.9	0.0044
-0.106	3585.9	-0.0027
-0.106	3750.0	-0.0020
-0.106	3914.1	0.0065
-0.106	4054.7	-0.0044
-0.106	4218.8	-0.0001
-0.106	4382.8	0.0042
-0.106	4546.9	-0.0020
-0.106	4710.9	-0.0026
-0.106	4875.0	-0.0043
-0.106	5039.1	0.0041
-0.106	5203.1	-0.0059
-0.106	5367.2	-0.0027
-0.106	5531.2	-0.0025
-0.106	5695.3	-0.0087
-0.106	5859.4	0.0048
-0.106	6023.4	0.0063
-0.106	6187.5	0.0081
-0.106	6351.6	0.0087
-0.106	6515.6	-0.0079
-0.106	6679.7	-0.0017
-0.106	6843.8	0.0073
-0.106	7007.8	-0.0068
-0.106	7171.9	-0.0090
-0.106	7335.9	-0.0027
-0.106	7500.0	-0.0001
-0.106	7664.1	-0.0029
-0.106	7828.1	-0.0054
-0.106	7992.2	0.0014

-0.065	0.0	0.3108
-0.065	140.6	-0.0189
-0.065	304.7	0.2598
-0.065	468.8	0.0063
-0.065	632.8	0.0087
-0.065	796.9	-0.0008
-0.065	960.9	-0.0072
-0.065	1125.0	0.0125
-0.065	1289.1	-0.0128
-0.065	1453.1	0.0048
-0.065	1617.2	0.0152
-0.065	1781.2	0.0108
-0.065	1945.3	0.0068
-0.065	2109.4	-0.0075
-0.065	2273.4	0.0093
-0.065	2437.5	0.0059
-0.065	2601.6	-0.0009
-0.065	2765.6	-0.0092
-0.065	2929.7	-0.0127
-0.065	3093.8	-0.0034
-0.065	3257.8	-0.0038
-0.065	3421.9	0.0035
-0.065	3585.9	0.0036
-0.065	3750.0	-0.0090
-0.065	3914.1	0.0023
-0.065	4054.7	0.0067
-0.065	4218.8	-0.0076
-0.065	4382.8	0.0012
-0.065	4546.9	-0.0017
-0.065	4710.9	-0.0030
-0.065	4875.0	0.0007
-0.065	5039.1	0.0012
-0.065	5203.1	0.0031
-0.065	5367.2	0.0025
-0.065	5531.2	-0.0003
-0.065	5695.3	0.0083
-0.065	5859.4	-0.0047
-0.065	6023.4	-0.0048
-0.065	6187.5	-0.0078
-0.065	6351.6	-0.0088
-0.065	6515.6	0.0078
-0.065	6679.7	0.0019
-0.065	6843.8	-0.0085
-0.065	7007.8	0.0056
-0.065	7171.9	0.0081
-0.065	7335.9	0.0028
-0.065	7500.0	0.0027
-0.065	7664.1	0.0024
-0.065	7828.1	0.0065
-0.065	7992.2	0.0042

-0.025	0.0	0.3108
-0.025	140.6	-0.0209
-0.025	304.7	0.2729
-0.025	468.8	0.0089
-0.025	632.8	0.0086
-0.025	796.9	0.0148
-0.025	960.9	-0.0076
-0.025	1125.0	0.0362
-0.025	1289.1	-0.0015
-0.025	1453.1	0.0002
-0.025	1617.2	0.0397
-0.025	1781.2	0.0091
-0.025	1945.3	-0.0003
-0.025	2109.4	-0.0034
-0.025	2273.4	0.0054
-0.025	2437.5	0.0104
-0.025	2601.6	0.0067
-0.025	2765.6	0.0002
-0.025	2929.7	-0.0021
-0.025	3093.8	0.0031
-0.025	3257.8	0.0047
-0.025	3421.9	-0.0051
-0.025	3585.9	0.0015
-0.025	3750.0	0.0065
-0.025	3914.1	-0.0080
-0.025	4054.7	-0.0008
-0.025	4218.8	0.0071
-0.025	4382.8	-0.0054
-0.025	4546.9	0.0040
-0.025	4710.9	0.0065
-0.025	4875.0	0.0033
-0.025	5039.1	-0.0060
-0.025	5203.1	0.0008
-0.025	5367.2	-0.0016
-0.025	5531.2	0.0031
-0.025	5695.3	-0.0068
-0.025	5859.4	0.0041
-0.025	6023.4	0.0030
-0.025	6187.5	0.0075
-0.025	6351.6	0.0088
-0.025	6515.6	-0.0077
-0.025	6679.7	-0.0021
-0.025	6843.8	0.0094
-0.025	7007.8	-0.0041
-0.025	7171.9	-0.0062
-0.025	7335.9	-0.0023
-0.025	7500.0	-0.0046
-0.025	7664.1	-0.0012
-0.025	7828.1	-0.0049
-0.025	7992.2	-0.0077

0.015	0.0	0.3108
0.015	140.6	-0.0228
0.015	304.7	0.2801
0.015	468.8	0.0111
0.015	632.8	0.0076
0.015	796.9	0.0282
0.015	960.9	-0.0063
0.015	1125.0	0.0494
0.015	1289.1	0.0104
0.015	1453.1	-0.0046
0.015	1617.2	0.0409
0.015	1781.2	0.0009
0.015	1945.3	-0.0071
0.015	2109.4	0.0040
0.015	2273.4	-0.0045
0.015	2437.5	0.0020
0.015	2601.6	0.0049
0.015	2765.6	0.0093
0.015	2929.7	0.0121
0.015	3093.8	0.0038
0.015	3257.8	0.0036
0.015	3421.9	-0.0026
0.015	3585.9	-0.0041
0.015	3750.0	0.0058
0.015	3914.1	0.0029
0.015	4054.7	-0.0060
0.015	4218.8	0.0011
0.015	4382.8	0.0046
0.015	4546.9	-0.0031
0.015	4710.9	-0.0056
0.015	4875.0	-0.0054
0.015	5039.1	0.0080
0.015	5203.1	-0.0045
0.015	5367.2	0.0002
0.015	5531.2	-0.0053
0.015	5695.3	0.0044
0.015	5859.4	-0.0031
0.015	6023.4	-0.0012
0.015	6187.5	-0.0070
0.015	6351.6	-0.0088
0.015	6515.6	0.0076
0.015	6679.7	0.0022
0.015	6843.8	-0.0100
0.015	7007.8	0.0022
0.015	7171.9	0.0036
0.015	7335.9	0.0015
0.015	7500.0	0.0054
0.015	7664.1	-0.0005
0.015	7828.1	0.0012
0.015	7992.2	0.0071

0.055	0.0	0.3108
0.055	140.6	-0.0245
0.055	304.7	0.2811
0.055	468.8	0.0126
0.055	632.8	0.0059
0.055	796.9	0.0374
0.055	960.9	-0.0036
0.055	1125.0	0.0481
0.055	1289.1	0.0183
0.055	1453.1	-0.0072
0.055	1617.2	0.0180
0.055	1781.2	-0.0078
0.055	1945.3	-0.0080
0.055	2109.4	0.0075
0.055	2273.4	-0.0094
0.055	2437.5	-0.0090
0.055	2601.6	-0.0037
0.055	2765.6	0.0040
0.055	2929.7	0.0056
0.055	3093.8	-0.0026
0.055	3257.8	-0.0048
0.055	3421.9	0.0056
0.055	3585.9	-0.0001
0.055	3750.0	-0.0094
0.055	3914.1	0.0060
0.055	4054.7	0.0055
0.055	4218.8	-0.0081
0.055	4382.8	0.0006
0.055	4546.9	-0.0003
0.055	4710.9	0.0009
0.055	4875.0	0.0045
0.055	5039.1	-0.0064
0.055	5203.1	0.0065
0.055	5367.2	0.0012
0.055	5531.2	0.0064
0.055	5695.3	-0.0013
0.055	5859.4	0.0020
0.055	6023.4	-0.0007
0.055	6187.5	0.0064
0.055	6351.6	0.0088
0.055	6515.6	-0.0075
0.055	6679.7	-0.0024
0.055	6843.8	0.0103
0.055	7007.8	-0.0002
0.055	7171.9	-0.0005
0.055	7335.9	-0.0003
0.055	7500.0	-0.0048
0.055	7664.1	0.0020
0.055	7828.1	0.0030
0.055	7992.2	-0.0027

0.095	0.0	0.3108
0.095	140.6	-0.0262
0.095	304.7	0.2759
0.095	468.8	0.0135
0.095	632.8	0.0037
0.095	796.9	0.0410
0.095	960.9	-0.0002
0.095	1125.0	0.0328
0.095	1289.1	0.0193
0.095	1453.1	-0.0063
0.095	1617.2	-0.0154
0.095	1781.2	-0.0111
0.095	1945.3	-0.0023
0.095	2109.4	0.0039
0.095	2273.4	-0.0040
0.095	2437.5	-0.0087
0.095	2601.6	-0.0072
0.095	2765.6	-0.0075
0.095	2929.7	-0.0105
0.095	3093.8	-0.0042
0.095	3257.8	-0.0035
0.095	3421.9	0.0016
0.095	3585.9	0.0042
0.095	3750.0	-0.0011
0.095	3914.1	-0.0069
0.095	4054.7	0.0017
0.095	4218.8	0.0064
0.095	4382.8	-0.0052
0.095	4546.9	0.0035
0.095	4710.9	0.0044
0.095	4875.0	-0.0010
0.095	5039.1	0.0018
0.095	5203.1	-0.0061
0.095	5367.2	-0.0023
0.095	5531.2	-0.0062
0.095	5695.3	-0.0020
0.095	5859.4	-0.0006
0.095	6023.4	0.0026
0.095	6187.5	-0.0056
0.095	6351.6	-0.0088
0.095	6515.6	0.0074
0.095	6679.7	0.0025
0.095	6843.8	-0.0102
0.095	7007.8	-0.0018
0.095	7171.9	-0.0026
0.095	7335.9	-0.0008
0.095	7500.0	0.0030
0.095	7664.1	-0.0028
0.095	7828.1	-0.0060
0.095	7992.2	-0.0030

0.136	0.0	0.3108
0.136	140.6	-0.0277
0.136	304.7	0.2648
0.136	468.8	0.0137
0.136	632.8	0.0011
0.136	796.9	0.0386
0.136	960.9	0.0033
0.136	1125.0	0.0080
0.136	1289.1	0.0130
0.136	1453.1	-0.0024
0.136	1617.2	-0.0397
0.136	1781.2	-0.0066
0.136	1945.3	0.0053
0.136	2109.4	-0.0035
0.136	2273.4	0.0058
0.136	2437.5	0.0024
0.136	2601.6	-0.0007
0.136	2765.6	-0.0074
0.136	2929.7	-0.0087
0.136	3093.8	0.0020
0.136	3257.8	0.0049
0.136	3421.9	-0.0058
0.136	3585.9	-0.0013
0.136	3750.0	0.0099
0.136	3914.1	-0.0016
0.136	4054.7	-0.0069
0.136	4218.8	0.0022
0.136	4382.8	0.0049
0.136	4546.9	-0.0038
0.136	4710.9	-0.0068
0.136	4875.0	-0.0031
0.136	5039.1	0.0037
0.136	5203.1	0.0035
0.136	5367.2	0.0027
0.136	5531.2	0.0047
0.136	5695.3	0.0050
0.136	5859.4	-0.0009
0.136	6023.4	-0.0044
0.136	6187.5	0.0047
0.136	6351.6	0.0087
0.136	6515.6	-0.0073
0.136	6679.7	-0.0026
0.136	6843.8	0.0098
0.136	7007.8	0.0036
0.136	7171.9	0.0053
0.136	7335.9	0.0018
0.136	7500.0	-0.0005
0.136	7664.1	0.0027
0.136	7828.1	0.0064
0.136	7992.2	0.0072

0.176	0.0	0.3108
0.176	140.6	-0.0291
0.176	304.7	0.2479
0.176	468.8	0.0132
0.176	632.8	-0.0016
0.176	796.9	0.0305
0.176	960.9	0.0060
0.176	1125.0	-0.0190
0.176	1289.1	0.0018
0.176	1453.1	0.0026
0.176	1617.2	-0.0410
0.176	1781.2	0.0025
0.176	1945.3	0.0085
0.176	2109.4	-0.0075
0.176	2273.4	0.0092
0.176	2437.5	0.0105
0.176	2601.6	0.0068
0.176	2765.6	0.0041
0.176	2929.7	0.0078
0.176	3093.8	0.0045
0.176	3257.8	0.0035
0.176	3421.9	-0.0006
0.176	3585.9	-0.0037
0.176	3750.0	-0.0037
0.176	3914.1	0.0079
0.176	4054.7	0.0035
0.176	4218.8	-0.0084
0.176	4382.8	0.0001
0.176	4546.9	0.0010
0.176	4710.9	0.0044
0.176	4875.0	0.0054
0.176	5039.1	-0.0074
0.176	5203.1	0.0005
0.176	5367.2	-0.0024
0.176	5531.2	-0.0022
0.176	5695.3	-0.0074
0.176	5859.4	0.0023
0.176	6023.4	0.0061
0.176	6187.5	-0.0037
0.176	6351.6	-0.0086
0.176	6515.6	0.0073
0.176	6679.7	0.0026
0.176	6843.8	-0.0091
0.176	7007.8	-0.0051
0.176	7171.9	-0.0074
0.176	7335.9	-0.0025
0.176	7500.0	-0.0020
0.176	7664.1	-0.0018
0.176	7828.1	-0.0043
0.176	7992.2	-0.0077

0.216	0.0	0.3108
0.216	140.6	-0.0304
0.216	304.7	0.2258
0.216	468.8	0.0120
0.216	632.8	-0.0041
0.216	796.9	0.0181
0.216	960.9	0.0075
0.216	1125.0	-0.0405
0.216	1289.1	-0.0100
0.216	1453.1	0.0064
0.216	1617.2	-0.0186
0.216	1781.2	0.0098
0.216	1945.3	0.0048
0.216	2109.4	-0.0044
0.216	2273.4	0.0026
0.216	2437.5	0.0057
0.216	2601.6	0.0049
0.216	2765.6	0.0093
0.216	2929.7	0.0112
0.216	3093.8	-0.0013
0.216	3257.8	-0.0049
0.216	3421.9	0.0059
0.216	3585.9	0.0025
0.216	3750.0	-0.0082
0.216	3914.1	-0.0033
0.216	4054.7	0.0043
0.216	4218.8	0.0053
0.216	4382.8	-0.0050
0.216	4546.9	0.0027
0.216	4710.9	0.0012
0.216	4875.0	-0.0045
0.216	5039.1	0.0076
0.216	5203.1	-0.0043
0.216	5367.2	0.0013
0.216	5531.2	-0.0009
0.216	5695.3	0.0086
0.216	5859.4	-0.0035
0.216	6023.4	-0.0075
0.216	6187.5	0.0024
0.216	6351.6	0.0084
0.216	6515.6	-0.0073
0.216	6679.7	-0.0026
0.216	6843.8	0.0083
0.216	7007.8	0.0063
0.216	7171.9	0.0086
0.216	7335.9	0.0028
0.216	7500.0	0.0040
0.216	7664.1	0.0004
0.216	7828.1	0.0005
0.216	7992.2	0.0045

0.256	0.0	0.3108
0.256	140.6	-0.0315
0.256	304.7	0.1990
0.256	468.8	0.0103
0.256	632.8	-0.0062
0.256	796.9	0.0031
0.256	960.9	0.0074
0.256	1125.0	-0.0504
0.256	1289.1	-0.0181
0.256	1453.1	0.0072
0.256	1617.2	0.0144
0.256	1781.2	0.0104
0.256	1945.3	-0.0028
0.256	2109.4	0.0028
0.256	2273.4	-0.0068
0.256	2437.5	-0.0060
0.256	2601.6	-0.0037
0.256	2765.6	0.0004
0.256	2929.7	-0.0041
0.256	3093.8	-0.0047
0.256	3257.8	-0.0035
0.256	3421.9	-0.0003
0.256	3585.9	0.0030
0.256	3750.0	0.0074
0.256	3914.1	-0.0059
0.256	4054.7	-0.0066
0.256	4218.8	0.0038
0.256	4382.8	0.0050
0.256	4546.9	-0.0041
0.256	4710.9	-0.0059
0.256	4875.0	0.0008
0.256	5039.1	-0.0039
0.256	5203.1	0.0065
0.256	5367.2	0.0002
0.256	5531.2	0.0038
0.256	5695.3	-0.0085
0.256	5859.4	0.0044
0.256	6023.4	0.0085
0.256	6187.5	-0.0010
0.256	6351.6	-0.0080
0.256	6515.6	0.0074
0.256	6679.7	0.0026
0.256	6843.8	-0.0074
0.256	7007.8	-0.0071
0.256	7171.9	-0.0091
0.256	7335.9	-0.0027
0.256	7500.0	-0.0052
0.256	7664.1	0.0011
0.256	7828.1	0.0033
0.256	7992.2	0.0007

0.296	0.0	0.3108
0.296	140.6	-0.0324
0.296	304.7	0.1682
0.296	468.8	0.0080
0.296	632.8	-0.0078
0.296	796.9	-0.0123
0.296	960.9	0.0058
0.296	1125.0	-0.0461
0.296	1289.1	-0.0195
0.296	1453.1	0.0047
0.296	1617.2	0.0390
0.296	1781.2	0.0039
0.296	1945.3	-0.0082
0.296	2109.4	0.0074
0.296	2273.4	-0.0089
0.296	2437.5	-0.0105
0.296	2601.6	-0.0072
0.296	2765.6	-0.0091
0.296	2929.7	-0.0126
0.296	3093.8	0.0004
0.296	3257.8	0.0047
0.296	3421.9	-0.0059
0.296	3585.9	-0.0033
0.296	3750.0	0.0050
0.296	3914.1	0.0068
0.296	4054.7	0.0004
0.296	4218.8	-0.0086
0.296	4382.8	0.0000
0.296	4546.9	0.0019
0.296	4710.9	0.0062
0.296	4875.0	0.0034
0.296	5039.1	-0.0019
0.296	5203.1	-0.0059
0.296	5367.2	-0.0016
0.296	5531.2	-0.0059
0.296	5695.3	0.0068
0.296	5859.4	-0.0048
0.296	6023.4	-0.0089
0.296	6187.5	-0.0006
0.296	6351.6	0.0075
0.296	6515.6	-0.0076
0.296	6679.7	-0.0026
0.296	6843.8	0.0066
0.296	7007.8	0.0075
0.296	7171.9	0.0089
0.296	7335.9	0.0023
0.296	7500.0	0.0053
0.296	7664.1	-0.0023
0.296	7828.1	-0.0059
0.296	7992.2	-0.0054

0.347	0.0	0.3108
0.347	140.6	-0.0334
0.347	304.7	0.1252
0.347	468.8	0.0047
0.347	632.8	-0.0087
0.347	796.9	-0.0287
0.347	960.9	0.0022
0.347	1125.0	-0.0234
0.347	1289.1	-0.0115
0.347	1453.1	-0.0012
0.347	1617.2	0.0386
0.347	1781.2	-0.0071
0.347	1945.3	-0.0057
0.347	2109.4	0.0037
0.347	2273.4	0.0008
0.347	2437.5	0.0006
0.347	2601.6	0.0011
0.347	2765.6	-0.0022
0.347	2929.7	0.0038
0.347	3093.8	0.0045
0.347	3257.8	0.0018
0.347	3421.9	0.0031
0.347	3585.9	-0.0005
0.347	3750.0	-0.0100
0.347	3914.1	-0.0015
0.347	4054.7	0.0044
0.347	4218.8	0.0067
0.347	4382.8	-0.0031
0.347	4546.9	-0.0001
0.347	4710.9	-0.0049
0.347	4875.0	-0.0044
0.347	5039.1	0.0032
0.347	5203.1	0.0057
0.347	5367.2	0.0016
0.347	5531.2	0.0055
0.347	5695.3	-0.0078
0.347	5859.4	0.0045
0.347	6023.4	0.0080
0.347	6187.5	-0.0034
0.347	6351.6	-0.0088
0.347	6515.6	0.0030
0.347	6679.7	0.0018
0.347	6843.8	0.0021
0.347	7007.8	-0.0054
0.347	7171.9	-0.0022
0.347	7335.9	0.0007
0.347	7500.0	-0.0008
0.347	7664.1	0.0022
0.347	7828.1	0.0035
0.347	7992.2	0.0058

0.387	0.0	0.3108
0.387	140.6	-0.0340
0.387	304.7	0.0881
0.387	468.8	0.0017
0.387	632.8	-0.0086
0.387	796.9	-0.0374
0.387	960.9	-0.0012
0.387	1125.0	0.0024
0.387	1289.1	-0.0003
0.387	1453.1	-0.0054
0.387	1617.2	0.0140
0.387	1781.2	-0.0111
0.387	1945.3	0.0015
0.387	2109.4	-0.0035
0.387	2273.4	0.0086
0.387	2437.5	0.0099
0.387	2601.6	0.0072
0.387	2765.6	0.0083
0.387	2929.7	0.0127
0.387	3093.8	-0.0010
0.387	3257.8	-0.0056
0.387	3421.9	0.0050
0.387	3585.9	0.0042
0.387	3750.0	0.0030
0.387	3914.1	-0.0072
0.387	4054.7	-0.0065
0.387	4218.8	0.0023
0.387	4382.8	0.0058
0.387	4546.9	-0.0035
0.387	4710.9	-0.0008
0.387	4875.0	0.0053
0.387	5039.1	-0.0074
0.387	5203.1	-0.0022
0.387	5367.2	-0.0026
0.387	5531.2	-0.0065
0.387	5695.3	0.0052
0.387	5859.4	-0.0048
0.387	6023.4	-0.0089
0.387	6187.5	0.0015
0.387	6351.6	0.0088
0.387	6515.6	-0.0037
0.387	6679.7	-0.0019
0.387	6843.8	-0.0027
0.387	7007.8	0.0046
0.387	7171.9	0.0003
0.387	7335.9	-0.0015
0.387	7500.0	-0.0012
0.387	7664.1	-0.0012
0.387	7828.1	-0.0003
0.387	7992.2	-0.0018

0.427	0.0	0.3108
0.427	140.6	-0.0345
0.427	304.7	0.0497
0.427	468.8	-0.0012
0.427	632.8	-0.0078
0.427	796.9	-0.0410
0.427	960.9	-0.0043
0.427	1125.0	0.0273
0.427	1289.1	0.0109
0.427	1453.1	-0.0073
0.427	1617.2	-0.0179
0.427	1781.2	-0.0079
0.427	1945.3	0.0076
0.427	2109.4	-0.0075
0.427	2273.4	0.0076
0.427	2437.5	0.0078
0.427	2601.6	0.0040
0.427	2765.6	0.0068
0.427	2929.7	0.0014
0.427	3093.8	-0.0048
0.427	3257.8	-0.0024
0.427	3421.9	-0.0033
0.427	3585.9	-0.0003
0.427	3750.0	0.0090
0.427	3914.1	0.0051
0.427	4054.7	-0.0004
0.427	4218.8	-0.0086
0.427	4382.8	-0.0022
0.427	4546.9	0.0037
0.427	4710.9	0.0060
0.427	4875.0	-0.0024
0.427	5039.1	0.0073
0.427	5203.1	-0.0026
0.427	5367.2	0.0026
0.427	5531.2	0.0054
0.427	5695.3	-0.0011
0.427	5859.4	0.0044
0.427	6023.4	0.0087
0.427	6187.5	0.0007
0.427	6351.6	-0.0084
0.427	6515.6	0.0047
0.427	6679.7	0.0020
0.427	6843.8	0.0030
0.427	7007.8	-0.0040
0.427	7171.9	0.0014
0.427	7335.9	0.0020
0.427	7500.0	0.0028
0.427	7664.1	0.0000
0.427	7828.1	-0.0028
0.427	7992.2	-0.0026

0.467	0.0	0.3108
0.467	140.6	-0.0348
0.467	304.7	0.0106
0.467	468.8	-0.0041
0.467	632.8	-0.0063
0.467	796.9	-0.0391
0.467	960.9	-0.0066
0.467	1125.0	0.0448
0.467	1289.1	0.0183
0.467	1453.1	-0.0060
0.467	1617.2	-0.0401
0.467	1781.2	0.0003
0.467	1945.3	0.0079
0.467	2109.4	-0.0050
0.467	2273.4	-0.0010
0.467	2437.5	-0.0031
0.467	2601.6	-0.0043
0.467	2765.6	-0.0043
0.467	2929.7	-0.0120
0.467	3093.8	-0.0003
0.467	3257.8	0.0053
0.467	3421.9	-0.0049
0.467	3585.9	-0.0041
0.467	3750.0	-0.0058
0.467	3914.1	0.0048
0.467	4054.7	0.0067
0.467	4218.8	0.0039
0.467	4382.8	-0.0040
0.467	4546.9	-0.0003
0.467	4710.9	-0.0060
0.467	4875.0	-0.0024
0.467	5039.1	-0.0025
0.467	5203.1	0.0060
0.467	5367.2	-0.0014
0.467	5531.2	-0.0024
0.467	5695.3	-0.0034
0.467	5859.4	-0.0030
0.467	6023.4	-0.0074
0.467	6187.5	-0.0031
0.467	6351.6	0.0076
0.467	6515.6	-0.0058
0.467	6679.7	-0.0021
0.467	6843.8	-0.0029
0.467	7007.8	0.0035
0.467	7171.9	-0.0027
0.467	7335.9	-0.0024
0.467	7500.0	-0.0041
0.467	7664.1	0.0010
0.467	7828.1	0.0051
0.467	7992.2	0.0060

0.508	0.0	0.3108
0.508	140.6	-0.0350
0.508	304.7	-0.0283
0.508	468.8	-0.0068
0.508	632.8	-0.0043
0.508	796.9	-0.0321
0.508	960.9	-0.0076
0.508	1125.0	0.0507
0.508	1289.1	0.0195
0.508	1453.1	-0.0021
0.508	1617.2	-0.0414
0.508	1781.2	0.0082
0.508	1945.3	0.0024
0.508	2109.4	0.0018
0.508	2273.4	-0.0085
0.508	2437.5	-0.0105
0.508	2601.6	-0.0072
0.508	2765.6	-0.0094
0.508	2929.7	-0.0069
0.508	3093.8	0.0046
0.508	3257.8	0.0033
0.508	3421.9	0.0032
0.508	3585.9	0.0009
0.508	3750.0	-0.0074
0.508	3914.1	-0.0072
0.508	4054.7	-0.0034
0.508	4218.8	0.0059
0.508	4382.8	0.0055
0.508	4546.9	-0.0035
0.508	4710.9	0.0005
0.508	4875.0	0.0054
0.508	5039.1	-0.0041
0.508	5203.1	-0.0062
0.508	5367.2	-0.0004
0.508	5531.2	-0.0016
0.508	5695.3	0.0072
0.508	5859.4	0.0009
0.508	6023.4	0.0048
0.508	6187.5	0.0054
0.508	6351.6	-0.0061
0.508	6515.6	0.0069
0.508	6679.7	0.0023
0.508	6843.8	0.0026
0.508	7007.8	-0.0032
0.508	7171.9	0.0036
0.508	7335.9	0.0027
0.508	7500.0	0.0048
0.508	7664.1	-0.0019
0.508	7828.1	-0.0063
0.508	7992.2	-0.0078

0.548	0.0	0.3108
0.548	140.6	-0.0350
0.548	304.7	-0.0662
0.548	468.8	-0.0091
0.548	632.8	-0.0020
0.548	796.9	-0.0211
0.548	960.9	-0.0072
0.548	1125.0	0.0438
0.548	1289.1	0.0143
0.548	1453.1	0.0025
0.548	1617.2	-0.0216
0.548	1781.2	0.0111
0.548	1945.3	-0.0047
0.548	2109.4	0.0070
0.548	2273.4	-0.0078
0.548	2437.5	-0.0064
0.548	2601.6	-0.0012
0.548	2765.6	-0.0017
0.548	2929.7	0.0086
0.548	3093.8	0.0020
0.548	3257.8	-0.0046
0.548	3421.9	0.0051
0.548	3585.9	0.0041
0.548	3750.0	0.0076
0.548	3914.1	-0.0021
0.548	4054.7	-0.0051
0.548	4218.8	-0.0078
0.548	4382.8	-0.0004
0.548	4546.9	0.0035
0.548	4710.9	0.0055
0.548	4875.0	-0.0040
0.548	5039.1	0.0079
0.548	5203.1	0.0026
0.548	5367.2	0.0021
0.548	5531.2	0.0051
0.548	5695.3	-0.0088
0.548	5859.4	0.0016
0.548	6023.4	-0.0011
0.548	6187.5	-0.0072
0.548	6351.6	0.0040
0.548	6515.6	-0.0079
0.548	6679.7	-0.0024
0.548	6843.8	-0.0019
0.548	7007.8	0.0032
0.548	7171.9	-0.0043
0.548	7335.9	-0.0028
0.548	7500.0	-0.0052
0.548	7664.1	0.0024
0.548	7828.1	0.0065
0.548	7992.2	0.0078

0.588	0.0	0.3108
0.588	140.6	-0.0349
0.588	304.7	-0.1023
0.588	468.8	-0.0110
0.588	632.8	0.0005
0.588	796.9	-0.0077
0.588	960.9	-0.0055
0.588	1125.0	0.0262
0.588	1289.1	0.0047
0.588	1453.1	0.0061
0.588	1617.2	0.0086
0.588	1781.2	0.0073
0.588	1945.3	-0.0085
0.588	2109.4	0.0064
0.588	2273.4	0.0002
0.588	2437.5	0.0045
0.588	2601.6	0.0061
0.588	2765.6	0.0082
0.588	2929.7	0.0114
0.588	3093.8	-0.0039
0.588	3257.8	-0.0044
0.588	3421.9	-0.0028
0.588	3585.9	-0.0011
0.588	3750.0	0.0059
0.588	3914.1	0.0079
0.588	4054.7	0.0058
0.588	4218.8	-0.0012
0.588	4382.8	-0.0053
0.588	4546.9	0.0004
0.588	4710.9	-0.0061
0.588	4875.0	-0.0009
0.588	5039.1	-0.0058
0.588	5203.1	0.0028
0.588	5367.2	-0.0027
0.588	5531.2	-0.0065
0.588	5695.3	0.0073
0.588	5859.4	-0.0037
0.588	6023.4	-0.0031
0.588	6187.5	0.0081
0.588	6351.6	-0.0013
0.588	6515.6	0.0086
0.588	6679.7	0.0026
0.588	6843.8	0.0007
0.588	7007.8	-0.0035
0.588	7171.9	0.0045
0.588	7335.9	0.0028
0.588	7500.0	0.0054
0.588	7664.1	-0.0027
0.588	7828.1	-0.0060
0.588	7992.2	-0.0065

0.628	0.0	0.3108
0.628	140.6	-0.0347
0.628	304.7	-0.1362
0.628	468.8	-0.0125
0.628	632.8	0.0028
0.628	796.9	0.0066
0.628	960.9	-0.0029
0.628	1125.0	0.0027
0.628	1289.1	-0.0064
0.628	1453.1	0.0073
0.628	1617.2	0.0343
0.628	1781.2	-0.0007
0.628	1945.3	-0.0064
0.628	2109.4	0.0008
0.628	2273.4	0.0080
0.628	2437.5	0.0106
0.628	2601.6	0.0063
0.628	2765.6	0.0074
0.628	2929.7	-0.0022
0.628	3093.8	-0.0036
0.628	3257.8	0.0034
0.628	3421.9	-0.0054
0.628	3585.9	-0.0041
0.628	3750.0	-0.0085
0.628	3914.1	-0.0003
0.628	4054.7	0.0027
0.628	4218.8	0.0085
0.628	4382.8	0.0041
0.628	4546.9	-0.0039
0.628	4710.9	0.0003
0.628	4875.0	0.0051
0.628	5039.1	-0.0010
0.628	5203.1	-0.0064
0.628	5367.2	0.0017
0.628	5531.2	0.0047
0.628	5695.3	-0.0028
0.628	5859.4	0.0048
0.628	6023.4	0.0068
0.628	6187.5	-0.0076
0.628	6351.6	-0.0019
0.628	6515.6	-0.0088
0.628	6679.7	-0.0026
0.628	6843.8	0.0008
0.628	7007.8	0.0040
0.628	7171.9	-0.0045
0.628	7335.9	-0.0028
0.628	7500.0	-0.0053
0.628	7664.1	0.0029
0.628	7828.1	0.0050
0.628	7992.2	0.0045

0.668	0.0	0.3108
0.668	140.6	-0.0344
0.668	304.7	-0.1673
0.668	468.8	-0.0134
0.668	632.8	0.0050
0.668	796.9	0.0198
0.668	960.9	0.0002
0.668	1125.0	-0.0212
0.668	1289.1	-0.0153
0.668	1453.1	0.0056
0.668	1617.2	0.0436
0.668	1781.2	-0.0082
0.668	1945.3	-0.0000
0.668	2109.4	-0.0054
0.668	2273.4	0.0086
0.668	2437.5	0.0059
0.668	2601.6	-0.0007
0.668	2765.6	-0.0028
0.668	2929.7	-0.0126
0.668	3093.8	0.0022
0.668	3257.8	0.0054
0.668	3421.9	0.0018
0.668	3585.9	0.0010
0.668	3750.0	-0.0049
0.668	3914.1	-0.0079
0.668	4054.7	-0.0068
0.668	4218.8	-0.0032
0.668	4382.8	0.0027
0.668	4546.9	0.0027
0.668	4710.9	0.0059
0.668	4875.0	-0.0044
0.668	5039.1	0.0072
0.668	5203.1	0.0053
0.668	5367.2	0.0004
0.668	5531.2	-0.0004
0.668	5695.3	-0.0031
0.668	5859.4	-0.0042
0.668	6023.4	-0.0088
0.668	6187.5	0.0054
0.668	6351.6	0.0052
0.668	6515.6	0.0080
0.668	6679.7	0.0025
0.668	6843.8	-0.0028
0.668	7007.8	-0.0048
0.668	7171.9	0.0040
0.668	7335.9	0.0028
0.668	7500.0	0.0053
0.668	7664.1	-0.0029
0.668	7828.1	-0.0039
0.668	7992.2	-0.0024

0.709	0.0	0.3108
0.709	140.6	-0.0339
0.709	304.7	-0.1950
0.709	468.8	-0.0137
0.709	632.8	0.0067
0.709	796.9	0.0306
0.709	960.9	0.0032
0.709	1125.0	-0.0400
0.709	1289.1	-0.0196
0.709	1453.1	0.0019
0.709	1617.2	0.0330
0.709	1781.2	-0.0111
0.709	1945.3	0.0063
0.709	2109.4	-0.0075
0.709	2273.4	0.0017
0.709	2437.5	-0.0046
0.709	2601.6	-0.0069
0.709	2765.6	-0.0095
0.709	2929.7	-0.0057
0.709	3093.8	0.0047
0.709	3257.8	-0.0015
0.709	3421.9	0.0058
0.709	3585.9	0.0041
0.709	3750.0	0.0088
0.709	3914.1	0.0019
0.709	4054.7	-0.0005
0.709	4218.8	-0.0071
0.709	4382.8	-0.0057
0.709	4546.9	0.0020
0.709	4710.9	-0.0054
0.709	4875.0	-0.0008
0.709	5039.1	-0.0069
0.709	5203.1	-0.0000
0.709	5367.2	-0.0023
0.709	5531.2	-0.0044
0.709	5695.3	0.0078
0.709	5859.4	0.0019
0.709	6023.4	0.0082
0.709	6187.5	-0.0017
0.709	6351.6	-0.0078
0.709	6515.6	-0.0060
0.709	6679.7	-0.0022
0.709	6843.8	0.0051
0.709	7007.8	0.0057
0.709	7171.9	-0.0032
0.709	7335.9	-0.0028
0.709	7500.0	-0.0052
0.709	7664.1	0.0029
0.709	7828.1	0.0029
0.709	7992.2	0.0005

0.749	0.0	0.3108
0.749	140.6	-0.0333
0.749	304.7	-0.2192
0.749	468.8	-0.0135
0.749	632.8	0.0079
0.749	796.9	0.0379
0.749	960.9	0.0057
0.749	1125.0	-0.0498
0.749	1289.1	-0.0183
0.749	1453.1	-0.0024
0.749	1617.2	0.0078
0.749	1781.2	-0.0081
0.749	1945.3	0.0085
0.749	2109.4	-0.0040
0.749	2273.4	-0.0065
0.749	2437.5	-0.0106
0.749	2601.6	-0.0055
0.749	2765.6	-0.0047
0.749	2929.7	0.0088
0.749	3093.8	0.0002
0.749	3257.8	-0.0060
0.749	3421.9	-0.0003
0.749	3585.9	-0.0005
0.749	3750.0	0.0048
0.749	3914.1	0.0076
0.749	4054.7	0.0069
0.749	4218.8	0.0061
0.749	4382.8	0.0004
0.749	4546.9	-0.0041
0.749	4710.9	-0.0016
0.749	4875.0	0.0052
0.749	5039.1	-0.0000
0.749	5203.1	-0.0055
0.749	5367.2	0.0026
0.749	5531.2	0.0065
0.749	5695.3	-0.0084
0.749	5859.4	0.0014
0.749	6023.4	-0.0044
0.749	6187.5	-0.0027
0.749	6351.6	0.0088
0.749	6515.6	0.0029
0.749	6679.7	0.0016
0.749	6843.8	-0.0074
0.749	7007.8	-0.0067
0.749	7171.9	0.0019
0.749	7335.9	0.0028
0.749	7500.0	0.0053
0.749	7664.1	-0.0028
0.749	7828.1	-0.0021
0.749	7992.2	0.0011

0.789	0.0	0.3108
0.789	140.6	-0.0326
0.789	304.7	-0.2395
0.789	468.8	-0.0129
0.789	632.8	0.0086
0.789	796.9	0.0409
0.789	960.9	0.0072
0.789	1125.0	-0.0488
0.789	1289.1	-0.0119
0.789	1453.1	-0.0059
0.789	1617.2	-0.0203
0.789	1781.2	-0.0009
0.789	1945.3	0.0056
0.789	2109.4	0.0023
0.789	2273.4	-0.0093
0.789	2437.5	-0.0067
0.789	2601.6	0.0016
0.789	2765.6	0.0056
0.789	2929.7	0.0118
0.789	3093.8	-0.0045
0.789	3257.8	-0.0012
0.789	3421.9	-0.0059
0.789	3585.9	-0.0042
0.789	3750.0	-0.0087
0.789	3914.1	-0.0027
0.789	4054.7	-0.0010
0.789	4218.8	0.0050
0.789	4382.8	0.0055
0.789	4546.9	0.0004
0.789	4710.9	0.0067
0.789	4875.0	-0.0037
0.789	5039.1	0.0071
0.789	5203.1	0.0061
0.789	5367.2	-0.0008
0.789	5531.2	-0.0042
0.789	5695.3	0.0041
0.789	5859.4	-0.0041
0.789	6023.4	-0.0013
0.789	6187.5	0.0066
0.789	6351.6	-0.0076
0.789	6515.6	0.0011
0.789	6679.7	-0.0006
0.789	6843.8	0.0093
0.789	7007.8	0.0074
0.789	7171.9	-0.0001
0.789	7335.9	-0.0027
0.789	7500.0	-0.0053
0.789	7664.1	0.0028
0.789	7828.1	0.0017
0.789	7992.2	-0.0022

0.829	0.0	0.3108
0.829	140.6	-0.0318
0.829	304.7	-0.2558
0.829	468.8	-0.0117
0.829	632.8	0.0087
0.829	796.9	0.0397
0.829	960.9	0.0076
0.829	1125.0	-0.0380
0.829	1289.1	-0.0025
0.829	1453.1	-0.0073
0.829	1617.2	-0.0396
0.829	1781.2	0.0066
0.829	1945.3	-0.0006
0.829	2109.4	0.0069
0.829	2273.4	-0.0047
0.829	2437.5	0.0032
0.829	2601.6	0.0070
0.829	2765.6	0.0094
0.829	2929.7	-0.0000
0.829	3093.8	-0.0030
0.829	3257.8	0.0054
0.829	3421.9	-0.0018
0.829	3585.9	-0.0005
0.829	3750.0	-0.0055
0.829	3914.1	-0.0075
0.829	4054.7	-0.0068
0.829	4218.8	-0.0076
0.829	4382.8	-0.0028
0.829	4546.9	0.0039
0.829	4710.9	-0.0030
0.829	4875.0	-0.0023
0.829	5039.1	-0.0066
0.829	5203.1	-0.0008
0.829	5367.2	-0.0017
0.829	5531.2	-0.0013
0.829	5695.3	0.0031
0.829	5859.4	0.0047
0.829	6023.4	0.0068
0.829	6187.5	-0.0081
0.829	6351.6	0.0040
0.829	6515.6	-0.0053
0.829	6679.7	-0.0005
0.829	6843.8	-0.0103
0.829	7007.8	-0.0076
0.829	7171.9	-0.0021
0.829	7335.9	0.0026
0.829	7500.0	0.0054
0.829	7664.1	-0.0029
0.829	7828.1	-0.0016
0.829	7992.2	0.0028

0.869	0.0	0.3108
0.869	140.6	-0.0309
0.869	304.7	-0.2681
0.869	468.8	-0.0102
0.869	632.8	0.0083
0.869	796.9	0.0346
0.869	960.9	0.0070
0.869	1125.0	-0.0198
0.869	1289.1	0.0074
0.869	1453.1	-0.0063
0.869	1617.2	-0.0427
0.869	1781.2	0.0108
0.869	1945.3	-0.0064
0.869	2109.4	0.0069
0.869	2273.4	0.0034
0.869	2437.5	0.0102
0.869	2601.6	0.0055
0.869	2765.6	0.0029
0.869	2929.7	-0.0117
0.869	3093.8	0.0025
0.869	3257.8	0.0040
0.869	3421.9	0.0051
0.869	3585.9	0.0041
0.869	3750.0	0.0078
0.869	3914.1	0.0026
0.869	4054.7	0.0017
0.869	4218.8	-0.0032
0.869	4382.8	-0.0046
0.869	4546.9	-0.0023
0.869	4710.9	-0.0050
0.869	4875.0	0.0055
0.869	5039.1	-0.0015
0.869	5203.1	-0.0054
0.869	5367.2	0.0027
0.869	5531.2	0.0059
0.869	5695.3	-0.0083
0.869	5859.4	-0.0024
0.869	6023.4	-0.0089
0.869	6187.5	0.0062
0.869	6351.6	0.0014
0.869	6515.6	0.0082
0.869	6679.7	0.0017
0.869	6843.8	0.0096
0.869	7007.8	0.0070
0.869	7171.9	0.0046
0.869	7335.9	-0.0022
0.869	7500.0	-0.0053
0.869	7664.1	0.0029
0.869	7828.1	0.0018
0.869	7992.2	-0.0030

0.910	0.0	0.3108
0.910	140.6	-0.0300
0.910	304.7	-0.2763
0.910	468.8	-0.0084
0.910	632.8	0.0074
0.910	796.9	0.0262
0.910	960.9	0.0053
0.910	1125.0	0.0018
0.910	1289.1	0.0154
0.910	1453.1	-0.0034
0.910	1617.2	-0.0293
0.910	1781.2	0.0099
0.910	1945.3	-0.0086
0.910	2109.4	0.0024
0.910	2273.4	0.0090
0.910	2437.5	0.0085
0.910	2601.6	-0.0012
0.910	2765.6	-0.0066
0.910	2929.7	-0.0095
0.910	3093.8	0.0047
0.910	3257.8	-0.0030
0.910	3421.9	0.0041
0.910	3585.9	0.0018
0.910	3750.0	0.0071
0.910	3914.1	0.0077
0.910	4054.7	0.0067
0.910	4218.8	0.0082
0.910	4382.8	0.0041
0.910	4546.9	-0.0029
0.910	4710.9	0.0057
0.910	4875.0	-0.0014
0.910	5039.1	0.0079
0.910	5203.1	0.0058
0.910	5367.2	-0.0010
0.910	5531.2	-0.0054
0.910	5695.3	0.0072
0.910	5859.4	-0.0016
0.910	6023.4	0.0059
0.910	6187.5	-0.0010
0.910	6351.6	-0.0065
0.910	6515.6	-0.0085
0.910	6679.7	-0.0025
0.910	6843.8	-0.0068
0.910	7007.8	-0.0051
0.910	7171.9	-0.0071
0.910	7335.9	0.0016
0.910	7500.0	0.0050
0.910	7664.1	-0.0029
0.910	7828.1	-0.0025
0.910	7992.2	0.0027

0.950	0.0	0.3108
0.950	140.6	-0.0290
0.950	304.7	-0.2806
0.950	468.8	-0.0063
0.950	632.8	0.0060
0.950	796.9	0.0156
0.950	960.9	0.0030
0.950	1125.0	0.0227
0.950	1289.1	0.0195
0.950	1453.1	0.0005
0.950	1617.2	-0.0052
0.950	1781.2	0.0046
0.950	1945.3	-0.0061
0.950	2109.4	-0.0034
0.950	2273.4	0.0080
0.950	2437.5	-0.0000
0.950	2601.6	-0.0067
0.950	2765.6	-0.0092
0.950	2929.7	0.0035
0.950	3093.8	0.0010
0.950	3257.8	-0.0059
0.950	3421.9	-0.0031
0.950	3585.9	-0.0034
0.950	3750.0	-0.0060
0.950	3914.1	-0.0016
0.950	4054.7	-0.0016
0.950	4218.8	0.0024
0.950	4382.8	0.0036
0.950	4546.9	0.0034
0.950	4710.9	0.0022
0.950	4875.0	-0.0047
0.950	5039.1	-0.0042
0.950	5203.1	0.0006
0.950	5367.2	-0.0018
0.950	5531.2	-0.0003
0.950	5695.3	0.0000
0.950	5859.4	0.0046
0.950	6023.4	0.0011
0.950	6187.5	-0.0050
0.950	6351.6	0.0088
0.950	6515.6	0.0055
0.950	6679.7	0.0025
0.950	6843.8	0.0019
0.950	7007.8	0.0019
0.950	7171.9	0.0088
0.950	7335.9	-0.0007
0.950	7500.0	-0.0043
0.950	7664.1	0.0027
0.950	7828.1	0.0034
0.950	7992.2	-0.0020

1.000	0.0	0.3108
1.000	140.6	-0.0276
1.000	304.7	-0.2808
1.000	468.8	-0.0035
1.000	632.8	0.0039
1.000	796.9	0.0008
1.000	960.9	-0.0004
1.000	1125.0	0.0423
1.000	1289.1	0.0182
1.000	1453.1	0.0050
1.000	1617.2	0.0259
1.000	1781.2	-0.0043
1.000	1945.3	0.0009
1.000	2109.4	-0.0075
1.000	2273.4	-0.0004
1.000	2437.5	-0.0097
1.000	2601.6	-0.0051
1.000	2765.6	-0.0003
1.000	2929.7	0.0127
1.000	3093.8	-0.0045
1.000	3257.8	0.0009
1.000	3421.9	-0.0050
1.000	3585.9	-0.0022
1.000	3750.0	-0.0068
1.000	3914.1	-0.0072
1.000	4054.7	-0.0059
1.000	4218.8	-0.0085
1.000	4382.8	-0.0057
1.000	4546.9	0.0003
1.000	4710.9	-0.0065
1.000	4875.0	0.0052
1.000	5039.1	-0.0019
1.000	5203.1	-0.0048
1.000	5367.2	0.0026
1.000	5531.2	0.0037
1.000	5695.3	-0.0041
1.000	5859.4	-0.0048
1.000	6023.4	-0.0039
1.000	6187.5	0.0065
1.000	6351.6	-0.0087
1.000	6515.6	-0.0047
1.000	6679.7	-0.0025
1.000	6843.8	-0.0024
1.000	7007.8	-0.0028
1.000	7171.9	-0.0081
1.000	7335.9	0.0015
1.000	7500.0	0.0051
1.000	7664.1	-0.0029
1.000	7828.1	-0.0002
1.000	7992.2	0.0059

